date,docs_indexed,plaintext_bytes_indexed,avg_mb_per_second,mb_per_second
2016-06-02T12:38:38-07:00,0,0,0.000000,0.000000
2016-06-02T12:38:39-07:00,0,0,0.000000,0.000000
2016-06-02T12:38:40-07:00,0,0,0.000000,0.000000
2016-06-02T12:38:41-07:00,0,0,0.000000,0.000000
2016-06-02T12:38:42-07:00,0,0,0.000000,0.000000
2016-06-02T12:38:43-07:00,0,0,0.000000,0.000000
2016-06-02T12:38:44-07:00,0,0,0.000000,0.000000
2016-06-02T12:38:45-07:00,0,0,0.000000,0.000000
2016-06-02T12:38:46-07:00,0,0,0.000000,0.000000
2016-06-02T12:38:47-07:00,0,0,0.000000,0.000000
2016-06-02T12:38:48-07:00,0,0,0.000000,0.000000
2016-06-02T12:38:49-07:00,0,0,0.000000,0.000000
2016-06-02T12:38:50-07:00,1000,1022787,0.085229,1.022862
2016-06-02T12:38:51-07:00,2000,2041607,0.157041,1.018778
2016-06-02T12:38:52-07:00,3000,3048832,0.217766,1.007216
2016-06-02T12:38:53-07:00,4000,4065978,0.271057,1.017205
2016-06-02T12:38:54-07:00,5000,5080124,0.317499,1.014125
2016-06-02T12:38:55-07:00,6000,6100702,0.358854,1.020533
2016-06-02T12:38:56-07:00,7000,7120523,0.395573,1.019808
2016-06-02T12:38:57-07:00,8000,8131173,0.427945,1.010651
2016-06-02T12:38:58-07:00,9000,9149804,0.457427,1.016347
2016-06-02T12:38:59-07:00,9000,9149804,0.435694,0.000000
2016-06-02T12:39:00-07:00,10000,10167406,0.462144,1.017612
2016-06-02T12:39:01-07:00,11000,11182239,0.486172,1.014775
2016-06-02T12:39:02-07:00,12000,12199594,0.508305,1.017403
2016-06-02T12:39:03-07:00,13000,13210416,0.528405,1.010807
2016-06-02T12:39:04-07:00,13000,13210416,0.508084,0.000000
2016-06-02T12:39:05-07:00,14000,14218243,0.526592,1.007837
2016-06-02T12:39:06-07:00,15000,15232383,0.544003,1.014063
2016-06-02T12:39:07-07:00,16000,16235170,0.559824,1.002833
2016-06-02T12:39:08-07:00,16000,16235170,0.541164,0.000000
2016-06-02T12:39:09-07:00,17000,17246258,0.556270,1.008143
2016-06-02T12:39:10-07:00,17000,17246258,0.538938,0.000000
2016-06-02T12:39:11-07:00,19000,19253675,0.583436,2.007338
2016-06-02T12:39:12-07:00,19000,19253675,0.566276,0.000000
2016-06-02T12:39:13-07:00,20000,20262967,0.578934,1.009342
2016-06-02T12:39:14-07:00,21000,21274111,0.590940,1.011165
2016-06-02T12:39:15-07:00,21000,21274111,0.574968,0.000000
2016-06-02T12:39:16-07:00,22000,22292285,0.586631,1.018170
2016-06-02T12:39:17-07:00,23000,23315047,0.597814,1.022755
2016-06-02T12:39:18-07:00,23000,23315047,0.582869,0.000000
2016-06-02T12:39:19-07:00,24000,24329327,0.593392,1.014291
2016-06-02T12:39:20-07:00,25000,25346473,0.603480,1.017114
2016-06-02T12:39:21-07:00,25000,25346473,0.589447,0.000000
2016-06-02T12:39:22-07:00,26000,26366625,0.599235,1.020116
2016-06-02T12:39:23-07:00,27000,27378185,0.608398,1.011611
2016-06-02T12:39:24-07:00,27000,27378185,0.595172,0.000000
2016-06-02T12:39:25-07:00,28000,28392653,0.604093,1.014491
2016-06-02T12:39:26-07:00,29000,29408390,0.612668,1.015706
2016-06-02T12:39:27-07:00,29000,29408390,0.600165,0.000000
2016-06-02T12:39:28-07:00,30000,30419006,0.608374,1.010641
2016-06-02T12:39:29-07:00,30000,30419006,0.596445,0.000000
2016-06-02T12:39:30-07:00,31000,31415095,0.604131,0.996084
2016-06-02T12:39:31-07:00,31000,31415095,0.592732,0.000000
2016-06-02T12:39:32-07:00,32000,32420164,0.600368,1.005017
2016-06-02T12:39:33-07:00,32000,32420164,0.589453,0.000000
2016-06-02T12:39:34-07:00,33000,33430060,0.596960,1.009840
2016-06-02T12:39:35-07:00,34000,34441547,0.604232,1.011460
2016-06-02T12:39:36-07:00,34000,34441547,0.593815,0.000000
2016-06-02T12:39:37-07:00,35000,35456989,0.600961,1.015446
2016-06-02T12:39:38-07:00,35000,35456989,0.590945,0.000000
2016-06-02T12:39:39-07:00,36000,36464235,0.597770,1.007201
2016-06-02T12:39:40-07:00,37000,37474099,0.604416,1.009854
2016-06-02T12:39:41-07:00,37000,37474099,0.594822,0.000000
2016-06-02T12:39:42-07:00,38000,38484053,0.601309,1.009938
2016-06-02T12:39:43-07:00,38000,38484053,0.592058,0.000000
2016-06-02T12:39:44-07:00,39000,39498320,0.598455,1.014240
2016-06-02T12:39:45-07:00,40000,40513989,0.604682,1.015686
2016-06-02T12:39:46-07:00,40000,40513989,0.595790,0.000000
2016-06-02T12:39:47-07:00,41000,41528758,0.601862,1.014765
2016-06-02T12:39:48-07:00,41000,41528758,0.593264,0.000000
2016-06-02T12:39:49-07:00,42000,42541195,0.599168,1.012410
2016-06-02T12:39:50-07:00,42000,42541195,0.590846,0.000000
2016-06-02T12:39:51-07:00,43000,43551358,0.596590,1.010142
2016-06-02T12:39:52-07:00,44000,44556048,0.602105,1.004724
2016-06-02T12:39:53-07:00,44000,44556048,0.594077,0.000000
2016-06-02T12:39:54-07:00,45000,45580518,0.599740,1.024420
2016-06-02T12:39:55-07:00,46000,46598320,0.605169,1.017788
2016-06-02T12:39:56-07:00,46000,46598320,0.597411,0.000000
2016-06-02T12:39:57-07:00,47000,47614354,0.602710,1.016086
2016-06-02T12:39:58-07:00,47000,47614354,0.595176,0.000000
2016-06-02T12:39:59-07:00,48000,48626994,0.600330,1.012595
2016-06-02T12:40:00-07:00,48000,48626994,0.593009,0.000000
2016-06-02T12:40:01-07:00,49000,49638872,0.598055,1.011873
2016-06-02T12:40:02-07:00,50000,50651542,0.602991,1.012705
2016-06-02T12:40:03-07:00,50000,50651542,0.595897,0.000000
2016-06-02T12:40:04-07:00,51000,51669660,0.600806,1.018053
2016-06-02T12:40:05-07:00,51000,51669660,0.593901,0.000000
2016-06-02T12:40:06-07:00,52000,52685121,0.598691,1.015464
2016-06-02T12:40:07-07:00,52000,52685121,0.591965,0.000000
2016-06-02T12:40:08-07:00,53000,53700273,0.596667,1.015142
2016-06-02T12:40:09-07:00,54000,54709392,0.601199,1.009064
2016-06-02T12:40:10-07:00,54000,54709392,0.594664,0.000000
2016-06-02T12:40:11-07:00,55000,55719182,0.599128,1.009825
2016-06-02T12:40:12-07:00,55000,55719182,0.592754,0.000000
2016-06-02T12:40:13-07:00,56000,56731191,0.597167,1.012002
2016-06-02T12:40:14-07:00,56000,56731191,0.590947,0.000000
2016-06-02T12:40:15-07:00,57000,57747920,0.595336,1.016729
2016-06-02T12:40:16-07:00,58000,58760715,0.599596,1.012782
2016-06-02T12:40:17-07:00,58000,58760715,0.593540,0.000000
2016-06-02T12:40:18-07:00,59000,59777079,0.597768,1.016380
2016-06-02T12:40:19-07:00,59000,59777079,0.591849,0.000000
2016-06-02T12:40:20-07:00,60000,60793761,0.596014,1.016684
2016-06-02T12:40:21-07:00,60000,60793761,0.590228,0.000000
2016-06-02T12:40:22-07:00,61000,61805178,0.594278,1.011382
2016-06-02T12:40:23-07:00,61000,61805178,0.588618,0.000000
2016-06-02T12:40:24-07:00,62000,62814906,0.592591,1.009687
2016-06-02T12:40:25-07:00,62000,62814906,0.587052,0.000000
2016-06-02T12:40:26-07:00,63000,63829802,0.591014,1.014900
2016-06-02T12:40:27-07:00,63000,63829802,0.585592,0.000000
2016-06-02T12:40:28-07:00,64000,64845859,0.589505,1.016061
2016-06-02T12:40:29-07:00,64000,64845859,0.584194,0.000000
2016-06-02T12:40:30-07:00,65000,65863620,0.588065,1.017775
2016-06-02T12:40:31-07:00,65000,65863620,0.582861,0.000000
2016-06-02T12:40:32-07:00,66000,66879052,0.586656,1.015490
2016-06-02T12:40:33-07:00,66000,66879052,0.581555,0.000000
2016-06-02T12:40:34-07:00,67000,67895973,0.585308,1.016909
2016-06-02T12:40:35-07:00,68000,68913829,0.588992,1.015328
2016-06-02T12:40:36-07:00,68000,68913829,0.584013,0.000000
2016-06-02T12:40:37-07:00,68000,68913829,0.579073,0.000000
2016-06-02T12:40:38-07:00,69000,69928350,0.582734,1.021318
2016-06-02T12:40:39-07:00,70000,70938362,0.586265,1.009983
2016-06-02T12:40:40-07:00,70000,70938362,0.581460,0.000000
2016-06-02T12:40:41-07:00,71000,71957053,0.585014,1.018647
2016-06-02T12:40:42-07:00,71000,71957053,0.580297,0.000000
2016-06-02T12:40:43-07:00,72000,72978282,0.583824,1.021241
2016-06-02T12:40:44-07:00,72000,72978282,0.579190,0.000000
2016-06-02T12:40:45-07:00,73000,73993472,0.582623,1.015174
2016-06-02T12:40:46-07:00,74000,75005393,0.585977,1.011940
2016-06-02T12:40:47-07:00,74000,75005393,0.581435,0.000000
2016-06-02T12:40:48-07:00,74000,75005393,0.576963,0.000000
2016-06-02T12:40:49-07:00,75000,76027125,0.580357,1.021675
2016-06-02T12:40:50-07:00,75000,76027125,0.575961,0.000000
2016-06-02T12:40:51-07:00,76000,77043768,0.579274,1.016687
2016-06-02T12:40:52-07:00,76000,77043768,0.574951,0.000000
2016-06-02T12:40:53-07:00,77000,78058943,0.578212,1.015199
2016-06-02T12:40:54-07:00,78000,79086658,0.581517,1.027669
2016-06-02T12:40:55-07:00,78000,79086658,0.577273,0.000000
2016-06-02T12:40:56-07:00,79000,80101904,0.580446,1.015263
2016-06-02T12:40:57-07:00,79000,80101904,0.576271,0.000000
2016-06-02T12:40:58-07:00,80000,81113427,0.579380,1.011529
2016-06-02T12:40:59-07:00,80000,81113427,0.575271,0.000000
2016-06-02T12:41:00-07:00,81000,82125309,0.578345,1.011898
2016-06-02T12:41:01-07:00,81000,82125309,0.574301,0.000000
2016-06-02T12:41:02-07:00,82000,83137034,0.577338,1.011710
2016-06-02T12:41:03-07:00,83000,84142708,0.580293,1.005717
2016-06-02T12:41:04-07:00,83000,84142708,0.576318,0.000000
2016-06-02T12:41:05-07:00,84000,85133367,0.579137,0.990658
2016-06-02T12:41:06-07:00,84000,85133367,0.575224,0.000000
2016-06-02T12:41:07-07:00,85000,86142022,0.578133,1.008695
2016-06-02T12:41:08-07:00,85000,86142022,0.574278,0.000000
2016-06-02T12:41:09-07:00,86000,87154347,0.577179,1.012291
2016-06-02T12:41:10-07:00,86000,87154347,0.573382,0.000000
2016-06-02T12:41:11-07:00,87000,88167283,0.576255,1.012960
2016-06-02T12:41:12-07:00,87000,88167283,0.572443,0.000000
2016-06-02T12:41:13-07:00,88000,89187464,0.575401,1.039864
2016-06-02T12:41:14-07:00,89000,90201545,0.578213,1.014056
2016-06-02T12:41:15-07:00,89000,90201545,0.574530,0.000000
2016-06-02T12:41:16-07:00,89000,90201545,0.570894,0.000000
2016-06-02T12:41:17-07:00,90000,91222379,0.573724,1.020831
2016-06-02T12:41:18-07:00,91000,92232589,0.576452,1.010283
2016-06-02T12:41:19-07:00,91000,92232589,0.572871,0.000000
2016-06-02T12:41:20-07:00,91000,92232589,0.569335,0.000000
2016-06-02T12:41:21-07:00,92000,93245265,0.572055,1.012613
2016-06-02T12:41:22-07:00,92000,93245265,0.568567,0.000000
2016-06-02T12:41:23-07:00,93000,94265024,0.571302,1.019759
2016-06-02T12:41:24-07:00,93000,94265024,0.567860,0.000000
2016-06-02T12:41:25-07:00,94000,95274291,0.570503,1.009270
2016-06-02T12:41:26-07:00,94000,95274291,0.567107,0.000000
2016-06-02T12:41:27-07:00,95000,96285688,0.569736,1.011359
2016-06-02T12:41:28-07:00,95000,96285688,0.566385,0.000000
2016-06-02T12:41:29-07:00,96000,97296504,0.568984,1.010799
2016-06-02T12:41:30-07:00,96000,97296504,0.565676,0.000000
2016-06-02T12:41:31-07:00,97000,98316284,0.568301,1.019781
2016-06-02T12:41:32-07:00,97000,98316284,0.565035,0.000000
2016-06-02T12:41:33-07:00,98000,99323751,0.567563,1.007507
2016-06-02T12:41:34-07:00,99000,100337640,0.570099,1.013844
2016-06-02T12:41:35-07:00,99000,100337640,0.566878,0.000000
2016-06-02T12:41:36-07:00,99000,100337640,0.563693,0.000000
2016-06-02T12:41:37-07:00,100000,101347173,0.566184,1.009558
2016-06-02T12:41:38-07:00,100000,101347173,0.563038,0.000000
2016-06-02T12:41:39-07:00,101000,102367255,0.565563,1.019822
2016-06-02T12:41:40-07:00,101000,102367255,0.562411,0.000000
2016-06-02T12:41:41-07:00,102000,103379135,0.564912,1.026882
2016-06-02T12:41:42-07:00,102000,103379135,0.561842,0.000000
2016-06-02T12:41:43-07:00,103000,104394972,0.564296,1.015857
2016-06-02T12:41:44-07:00,103000,104394972,0.561262,0.000000
2016-06-02T12:41:45-07:00,104000,105405630,0.563665,1.010660
2016-06-02T12:41:46-07:00,105000,106424956,0.566089,1.019333
2016-06-02T12:41:47-07:00,105000,106424956,0.563094,0.000000
2016-06-02T12:41:48-07:00,106000,107432509,0.565433,1.007600
2016-06-02T12:41:49-07:00,106000,107432509,0.562405,0.000000
2016-06-02T12:41:50-07:00,107000,108448020,0.564832,1.039334
2016-06-02T12:41:51-07:00,107000,108448020,0.561905,0.000000
2016-06-02T12:41:52-07:00,108000,109462877,0.564240,1.014806
2016-06-02T12:41:53-07:00,108000,109462877,0.561347,0.000000
2016-06-02T12:41:54-07:00,109000,110477798,0.563661,1.014887
2016-06-02T12:41:55-07:00,109000,110477798,0.560799,0.000000
2016-06-02T12:41:56-07:00,110000,111497124,0.563115,1.019360
2016-06-02T12:41:57-07:00,110000,111497124,0.560286,0.000000
2016-06-02T12:41:58-07:00,111000,112504192,0.562520,1.007065
2016-06-02T12:41:59-07:00,111000,112504192,0.559721,0.000000
2016-06-02T12:42:00-07:00,112000,113523681,0.561997,1.019471
2016-06-02T12:42:01-07:00,112000,113523681,0.559221,0.000000
2016-06-02T12:42:02-07:00,112000,113523681,0.556487,0.000000
2016-06-02T12:42:03-07:00,113000,114538386,0.558723,1.014698
2016-06-02T12:42:04-07:00,113000,114538386,0.556010,0.000000
2016-06-02T12:42:05-07:00,114000,115554761,0.558234,1.016359
2016-06-02T12:42:06-07:00,114000,115554761,0.555550,0.000000
2016-06-02T12:42:07-07:00,115000,116576166,0.557779,1.021479
2016-06-02T12:42:08-07:00,115000,116576166,0.555123,0.000000
2016-06-02T12:42:09-07:00,116000,117586319,0.557280,1.010117
2016-06-02T12:42:10-07:00,116000,117586319,0.554651,0.000000
2016-06-02T12:42:11-07:00,117000,118598069,0.556797,1.011759
2016-06-02T12:42:12-07:00,117000,118598069,0.554195,0.000000
2016-06-02T12:42:13-07:00,118000,119617244,0.556358,1.019193
2016-06-02T12:42:14-07:00,118000,119617244,0.553782,0.000000
2016-06-02T12:42:15-07:00,119000,120621436,0.555858,1.004146
2016-06-02T12:42:16-07:00,119000,120621436,0.553308,0.000000
2016-06-02T12:42:17-07:00,120000,121633453,0.555403,1.011968
2016-06-02T12:42:18-07:00,121000,122644201,0.557465,1.007840
2016-06-02T12:42:19-07:00,121000,122644201,0.554950,0.000000
2016-06-02T12:42:20-07:00,121000,122644201,0.552450,0.000000
2016-06-02T12:42:21-07:00,122000,123661672,0.554535,1.017482
2016-06-02T12:42:22-07:00,122000,123661672,0.552060,0.000000
2016-06-02T12:42:23-07:00,123000,124681470,0.554139,1.019863
2016-06-02T12:42:24-07:00,123000,124681470,0.551687,0.000000
2016-06-02T12:42:25-07:00,124000,125691992,0.553708,1.010516
2016-06-02T12:42:26-07:00,124000,125691992,0.551279,0.000000
2016-06-02T12:42:27-07:00,125000,126701730,0.553282,1.009789
2016-06-02T12:42:28-07:00,125000,126701730,0.550876,0.000000
2016-06-02T12:42:29-07:00,126000,127716267,0.552883,1.014476
2016-06-02T12:42:30-07:00,126000,127716267,0.550500,0.000000
2016-06-02T12:42:31-07:00,127000,128733619,0.552504,1.017358
2016-06-02T12:42:32-07:00,127000,128733619,0.550142,0.000000
2016-06-02T12:42:33-07:00,128000,129752318,0.552136,1.018748
2016-06-02T12:42:34-07:00,128000,129752318,0.549797,0.000000
2016-06-02T12:42:35-07:00,129000,130770641,0.551774,1.018305
2016-06-02T12:42:36-07:00,129000,130770641,0.549455,0.000000
2016-06-02T12:42:37-07:00,130000,131789774,0.551421,1.019106
2016-06-02T12:42:38-07:00,130000,131789774,0.549123,0.000000
2016-06-02T12:42:39-07:00,131000,132805297,0.551058,1.015457
2016-06-02T12:42:40-07:00,131000,132805297,0.548781,0.000000
2016-06-02T12:42:41-07:00,132000,133817945,0.550690,1.012623
2016-06-02T12:42:42-07:00,132000,133817945,0.548433,0.000000
2016-06-02T12:42:43-07:00,133000,134834512,0.550344,1.016601
2016-06-02T12:42:44-07:00,133000,134834512,0.548100,0.000000
2016-06-02T12:42:45-07:00,133000,134834512,0.545835,0.000000
2016-06-02T12:42:46-07:00,134000,135850764,0.547784,1.041226
2016-06-02T12:42:47-07:00,134000,135850764,0.545584,0.000000
2016-06-02T12:42:48-07:00,135000,136869906,0.547479,1.019159
2016-06-02T12:42:49-07:00,135000,136869906,0.545297,0.000000
2016-06-02T12:42:50-07:00,136000,137881273,0.547147,1.011392
2016-06-02T12:42:51-07:00,136000,137881273,0.544984,0.000000
2016-06-02T12:42:52-07:00,137000,138898390,0.546843,1.017134
2016-06-02T12:42:53-07:00,137000,138898390,0.544699,0.000000
2016-06-02T12:42:54-07:00,138000,139910864,0.546526,1.012440
2016-06-02T12:42:55-07:00,138000,139910864,0.544399,0.000000
2016-06-02T12:42:56-07:00,139000,140928818,0.546235,1.017963
2016-06-02T12:42:57-07:00,139000,140928818,0.544126,0.000000
2016-06-02T12:42:58-07:00,140000,141947256,0.545946,1.016529
2016-06-02T12:42:59-07:00,140000,141947256,0.543858,0.000000
2016-06-02T12:43:00-07:00,141000,142933900,0.545548,0.986683
2016-06-02T12:43:01-07:00,141000,142933900,0.543474,0.000000
2016-06-02T12:43:02-07:00,142000,143945090,0.545240,1.008259
2016-06-02T12:43:03-07:00,142000,143945090,0.543188,0.000000
2016-06-02T12:43:04-07:00,143000,144965676,0.544983,1.020554
2016-06-02T12:43:05-07:00,143000,144965676,0.542942,0.000000
2016-06-02T12:43:06-07:00,144000,145984918,0.544719,1.019237
2016-06-02T12:43:07-07:00,144000,145984918,0.542694,0.000000
2016-06-02T12:43:08-07:00,145000,146999645,0.544442,1.014745
2016-06-02T12:43:09-07:00,145000,146999645,0.542433,0.000000
2016-06-02T12:43:10-07:00,146000,148013691,0.544167,1.014085
2016-06-02T12:43:11-07:00,146000,148013691,0.542174,0.000000
2016-06-02T12:43:12-07:00,146000,148013691,0.540195,0.000000
2016-06-02T12:43:13-07:00,147000,149025570,0.541910,1.011902
2016-06-02T12:43:14-07:00,147000,149025570,0.539947,0.000000
2016-06-02T12:43:15-07:00,148000,150045130,0.541673,1.016662
2016-06-02T12:43:16-07:00,148000,150045130,0.539730,0.000000
2016-06-02T12:43:17-07:00,149000,151058096,0.541426,1.012954
2016-06-02T12:43:18-07:00,149000,151058096,0.539492,0.000000
2016-06-02T12:43:19-07:00,150000,152070371,0.541175,1.012196
2016-06-02T12:43:20-07:00,150000,152070371,0.539256,0.000000
2016-06-02T12:43:21-07:00,151000,153084085,0.540932,1.013748
2016-06-02T12:43:22-07:00,152000,154106924,0.542629,1.022827
2016-06-02T12:43:23-07:00,152000,154106924,0.540725,0.000000
2016-06-02T12:43:24-07:00,152000,154106924,0.538834,0.000000
2016-06-02T12:43:25-07:00,153000,155117132,0.540477,1.010219
2016-06-02T12:43:26-07:00,153000,155117132,0.538600,0.000000
2016-06-02T12:43:27-07:00,154000,156138110,0.540269,1.021005
2016-06-02T12:43:28-07:00,154000,156138110,0.538406,0.000000
2016-06-02T12:43:29-07:00,155000,157156396,0.540055,1.018222
2016-06-02T12:43:30-07:00,155000,157156396,0.538206,0.000000
2016-06-02T12:43:31-07:00,156000,158165242,0.539812,1.008835
2016-06-02T12:43:32-07:00,156000,158165242,0.537976,0.000000
2016-06-02T12:43:33-07:00,157000,159179807,0.539592,1.014580
2016-06-02T12:43:34-07:00,157000,159179807,0.537769,0.000000
2016-06-02T12:43:35-07:00,158000,160200101,0.539393,1.020270
2016-06-02T12:43:36-07:00,158000,160200101,0.537583,0.000000
2016-06-02T12:43:37-07:00,158000,160200101,0.535785,0.000000
2016-06-02T12:43:38-07:00,159000,161224782,0.537415,1.024726
2016-06-02T12:43:39-07:00,159000,161224782,0.535630,0.000000
2016-06-02T12:43:40-07:00,160000,162247131,0.537241,1.022328
2016-06-02T12:43:41-07:00,160000,162247131,0.535468,0.000000
2016-06-02T12:43:42-07:00,161000,163264027,0.537052,1.016880
2016-06-02T12:43:43-07:00,161000,163264027,0.535291,0.000000
2016-06-02T12:43:44-07:00,162000,164289137,0.536892,1.025074
2016-06-02T12:43:45-07:00,162000,164289137,0.535143,0.000000
2016-06-02T12:43:46-07:00,163000,165303337,0.536698,1.014219
2016-06-02T12:43:47-07:00,163000,165303337,0.534961,0.000000
2016-06-02T12:43:48-07:00,164000,166322092,0.536522,1.018770
2016-06-02T12:43:49-07:00,164000,166322092,0.534797,0.000000
2016-06-02T12:43:50-07:00,165000,167327736,0.536306,1.005647
2016-06-02T12:43:51-07:00,165000,167327736,0.534593,0.000000
2016-06-02T12:43:52-07:00,166000,168340776,0.536116,1.013037
2016-06-02T12:43:53-07:00,166000,168340776,0.534414,0.000000
2016-06-02T12:43:54-07:00,166000,168340776,0.532723,0.000000
2016-06-02T12:43:55-07:00,167000,169357941,0.534251,1.017169
2016-06-02T12:43:56-07:00,167000,169357941,0.532571,0.000000
2016-06-02T12:43:57-07:00,168000,170372934,0.534084,1.015019
2016-06-02T12:43:58-07:00,168000,170372934,0.532415,0.000000
2016-06-02T12:43:59-07:00,169000,171379789,0.533893,1.006872
2016-06-02T12:44:00-07:00,169000,171379789,0.532235,0.000000
2016-06-02T12:44:01-07:00,170000,172395905,0.533733,1.016117
2016-06-02T12:44:02-07:00,170000,172395905,0.532085,0.000000
2016-06-02T12:44:03-07:00,170000,172395905,0.530448,0.000000
2016-06-02T12:44:04-07:00,171000,173407840,0.531925,1.011909
2016-06-02T12:44:05-07:00,171000,173407840,0.530298,0.000000
2016-06-02T12:44:06-07:00,172000,174417615,0.531760,1.009833
2016-06-02T12:44:07-07:00,172000,174417615,0.530144,0.000000
2016-06-02T12:44:08-07:00,173000,175426418,0.531594,1.008824
2016-06-02T12:44:09-07:00,173000,175426418,0.529988,0.000000
2016-06-02T12:44:10-07:00,174000,176436815,0.531435,1.010380
2016-06-02T12:44:11-07:00,174000,176436815,0.529839,0.000000
2016-06-02T12:44:12-07:00,174000,176436815,0.528253,0.000000
2016-06-02T12:44:13-07:00,175000,177451841,0.529706,1.015079
2016-06-02T12:44:14-07:00,175000,177451841,0.528130,0.000000
2016-06-02T12:44:15-07:00,176000,178458012,0.529548,1.006161
2016-06-02T12:44:16-07:00,176000,178458012,0.527982,0.000000
2016-06-02T12:44:17-07:00,177000,179470811,0.529412,1.012756
2016-06-02T12:44:18-07:00,177000,179470811,0.527855,0.000000
2016-06-02T12:44:19-07:00,178000,180483450,0.529276,1.012620
2016-06-02T12:44:20-07:00,178000,180483450,0.527729,0.000000
2016-06-02T12:44:21-07:00,178000,180483450,0.526190,0.000000
2016-06-02T12:44:22-07:00,179000,181494267,0.527599,1.010763
2016-06-02T12:44:23-07:00,179000,181494267,0.526070,0.000000
2016-06-02T12:44:24-07:00,180000,182509721,0.527484,1.015425
2016-06-02T12:44:25-07:00,180000,182509721,0.525964,0.000000
2016-06-02T12:44:26-07:00,181000,183536643,0.527403,1.026864
2016-06-02T12:44:27-07:00,181000,183536643,0.525892,0.000000
2016-06-02T12:44:28-07:00,182000,184552836,0.527293,1.016219
2016-06-02T12:44:29-07:00,182000,184552836,0.525791,0.000000
2016-06-02T12:44:30-07:00,183000,185572664,0.527194,1.019349
2016-06-02T12:44:31-07:00,183000,185572664,0.525701,0.000000
2016-06-02T12:44:32-07:00,183000,185572664,0.524216,0.000000
2016-06-02T12:44:33-07:00,184000,186591541,0.525609,1.018888
2016-06-02T12:44:34-07:00,184000,186591541,0.524133,0.000000
2016-06-02T12:44:35-07:00,185000,187603988,0.525501,1.012436
2016-06-02T12:44:36-07:00,185000,187603988,0.524033,0.000000
2016-06-02T12:44:37-07:00,186000,188622410,0.525410,1.018469
2016-06-02T12:44:38-07:00,186000,188622410,0.523951,0.000000
2016-06-02T12:44:39-07:00,187000,189639170,0.525316,1.016688
2016-06-02T12:44:40-07:00,187000,189639170,0.523864,0.000000
2016-06-02T12:44:41-07:00,187000,189639170,0.522421,0.000000
2016-06-02T12:44:42-07:00,188000,190655568,0.523778,1.016383
2016-06-02T12:44:43-07:00,188000,190655568,0.522343,0.000000
2016-06-02T12:44:44-07:00,189000,191675588,0.523703,1.019986
2016-06-02T12:44:45-07:00,189000,191675588,0.522276,0.000000
2016-06-02T12:44:46-07:00,190000,192696744,0.523632,1.021164
2016-06-02T12:44:47-07:00,190000,192696744,0.522213,0.000000
2016-06-02T12:44:48-07:00,191000,193716448,0.523557,1.019701
2016-06-02T12:44:49-07:00,191000,193716448,0.522146,0.000000
2016-06-02T12:44:50-07:00,191000,193716448,0.520742,0.000000
2016-06-02T12:44:51-07:00,192000,194732853,0.522071,1.016404
2016-06-02T12:44:52-07:00,192000,194732853,0.520675,0.000000
2016-06-02T12:44:53-07:00,193000,195747012,0.521991,1.014200
2016-06-02T12:44:54-07:00,193000,195747012,0.520603,0.000000
2016-06-02T12:44:55-07:00,194000,196757231,0.521902,1.010210
2016-06-02T12:44:56-07:00,194000,196757231,0.520521,0.000000
2016-06-02T12:44:57-07:00,194000,196757231,0.519148,0.000000
2016-06-02T12:44:58-07:00,195000,197776181,0.520463,1.018989
2016-06-02T12:44:59-07:00,195000,197776181,0.519097,0.000000
2016-06-02T12:45:00-07:00,195000,197776181,0.517738,0.000000
2016-06-02T12:45:01-07:00,196000,198789485,0.519032,1.013203
2016-06-02T12:45:02-07:00,196000,198789485,0.517680,0.000000
2016-06-02T12:45:03-07:00,197000,199804108,0.518971,1.014650
2016-06-02T12:45:04-07:00,197000,199804108,0.517627,0.000000
2016-06-02T12:45:05-07:00,197000,199804108,0.516289,0.000000
2016-06-02T12:45:06-07:00,198000,200819774,0.517576,1.015666
2016-06-02T12:45:07-07:00,198000,200819774,0.516246,0.000000
2016-06-02T12:45:08-07:00,199000,201832676,0.517519,1.012926
2016-06-02T12:45:09-07:00,199000,201832676,0.516195,0.000000
2016-06-02T12:45:10-07:00,199000,201832676,0.514879,0.000000
2016-06-02T12:45:11-07:00,200000,202846298,0.516515,1.406467
