date,tokens,avg_million_tokens_per_second,milllion_tokens_per_second
2016-08-02T04:03:55-07:00,0,0.000000,0.000000
2016-08-02T04:04:00-07:00,23547276,4.599130,4.599130
2016-08-02T04:04:01-07:00,28403053,4.641241,3.876256
