date,docs_indexed,plaintext_bytes_indexed,avg_mb_per_second,mb_per_second
2016-05-26T00:02:08-07:00,0,0,0.000000,0.000000
2016-05-26T00:02:09-07:00,0,0,0.000000,0.000000
2016-05-26T00:02:10-07:00,0,0,0.000000,0.000000
2016-05-26T00:02:11-07:00,0,0,0.000000,0.000000
2016-05-26T00:02:12-07:00,0,0,0.000000,0.000000
2016-05-26T00:02:13-07:00,0,0,0.000000,0.000000
2016-05-26T00:02:14-07:00,0,0,0.000000,0.000000
2016-05-26T00:02:15-07:00,0,0,0.000000,0.000000
2016-05-26T00:02:16-07:00,0,0,0.000000,0.000000
2016-05-26T00:02:17-07:00,0,0,0.000000,0.000000
2016-05-26T00:02:18-07:00,0,0,0.000000,0.000000
2016-05-26T00:02:19-07:00,0,0,0.000000,0.000000
2016-05-26T00:02:20-07:00,0,0,0.000000,0.000000
2016-05-26T00:02:21-07:00,0,0,0.000000,0.000000
2016-05-26T00:02:22-07:00,1000,1022787,0.073053,1.022746
2016-05-26T00:02:23-07:00,2000,2041607,0.136083,1.016596
2016-05-26T00:02:24-07:00,2000,2041607,0.127597,0.000000
2016-05-26T00:02:25-07:00,3000,3048832,0.179338,1.007217
2016-05-26T00:02:26-07:00,4000,4065978,0.225881,1.017069
2016-05-26T00:02:27-07:00,5000,5080124,0.267368,1.014132
2016-05-26T00:02:28-07:00,6000,6100702,0.305028,1.020636
2016-05-26T00:02:29-07:00,7000,7120523,0.339063,1.019673
2016-05-26T00:02:30-07:00,8000,8131173,0.369553,1.008526
2016-05-26T00:02:31-07:00,8000,8131173,0.353523,0.000000
2016-05-26T00:02:32-07:00,9000,9149804,0.381234,1.018569
2016-05-26T00:02:33-07:00,10000,10167406,0.406689,1.017621
2016-05-26T00:02:34-07:00,11000,11182239,0.430077,1.014749
2016-05-26T00:02:35-07:00,12000,12199594,0.451828,1.017375
2016-05-26T00:02:36-07:00,13000,13210416,0.471793,1.010887
2016-05-26T00:02:37-07:00,13000,13210416,0.455301,0.000000
2016-05-26T00:02:38-07:00,14000,14218243,0.473935,1.022468
2016-05-26T00:02:39-07:00,14000,14218243,0.458646,0.000000
2016-05-26T00:02:40-07:00,15000,15232383,0.476004,1.014105
2016-05-26T00:02:41-07:00,16000,16235170,0.491967,1.002797
2016-05-26T00:02:42-07:00,17000,17246258,0.507235,1.011060
2016-05-26T00:02:43-07:00,17000,17246258,0.492656,0.000000
2016-05-26T00:02:44-07:00,17000,17246258,0.479027,0.000000
2016-05-26T00:02:45-07:00,18000,18250833,0.493259,1.006800
2016-05-26T00:02:46-07:00,19000,19253675,0.506669,1.002810
2016-05-26T00:02:47-07:00,20000,20262967,0.519556,1.009303
2016-05-26T00:02:48-07:00,20000,20262967,0.506568,0.000000
2016-05-26T00:02:49-07:00,21000,21274111,0.518874,1.011122
2016-05-26T00:02:50-07:00,21000,21274111,0.506494,0.000000
2016-05-26T00:02:51-07:00,22000,22292285,0.518420,1.020515
2016-05-26T00:02:52-07:00,23000,23315047,0.529881,1.022685
2016-05-26T00:02:53-07:00,23000,23315047,0.518107,0.000000
2016-05-26T00:02:54-07:00,24000,24329327,0.528893,1.014260
2016-05-26T00:02:55-07:00,25000,25346473,0.539280,1.017097
2016-05-26T00:02:56-07:00,25000,25346473,0.528007,0.000000
2016-05-26T00:02:57-07:00,25000,25346473,0.517271,0.000000
2016-05-26T00:02:58-07:00,26000,26366625,0.527327,1.020090
2016-05-26T00:02:59-07:00,26000,26366625,0.516987,0.000000
2016-05-26T00:03:00-07:00,27000,27378185,0.526498,1.011568
2016-05-26T00:03:01-07:00,28000,28392653,0.535706,1.014505
2016-05-26T00:03:02-07:00,28000,28392653,0.525785,0.000000
2016-05-26T00:03:03-07:00,28000,28392653,0.516224,0.000000
2016-05-26T00:03:04-07:00,29000,29408390,0.525146,1.015926
2016-05-26T00:03:05-07:00,30000,30419006,0.533662,1.010525
2016-05-26T00:03:06-07:00,30000,30419006,0.524461,0.000000
2016-05-26T00:03:07-07:00,31000,31415095,0.532455,0.996100
2016-05-26T00:03:08-07:00,31000,31415095,0.523581,0.000000
2016-05-26T00:03:09-07:00,32000,32420164,0.531473,1.004989
2016-05-26T00:03:10-07:00,32000,32420164,0.522890,0.000000
2016-05-26T00:03:11-07:00,32000,32420164,0.514498,0.000000
2016-05-26T00:03:12-07:00,33000,33430060,0.522341,1.022924
2016-05-26T00:03:13-07:00,34000,34441547,0.529866,1.011488
2016-05-26T00:03:14-07:00,35000,35456989,0.537223,1.015421
2016-05-26T00:03:15-07:00,35000,35456989,0.529187,0.000000
2016-05-26T00:03:16-07:00,35000,35456989,0.521423,0.000000
2016-05-26T00:03:17-07:00,36000,36464235,0.528324,0.989126
2016-05-26T00:03:18-07:00,36000,36464235,0.520914,0.000000
2016-05-26T00:03:19-07:00,37000,37474099,0.527801,1.009878
2016-05-26T00:03:20-07:00,38000,38484053,0.534497,1.009925
2016-05-26T00:03:21-07:00,38000,38484053,0.527175,0.000000
2016-05-26T00:03:22-07:00,39000,39498320,0.533717,1.008639
2016-05-26T00:03:23-07:00,39000,39498320,0.526625,0.000000
2016-05-26T00:03:24-07:00,39000,39498320,0.519712,0.000000
2016-05-26T00:03:25-07:00,40000,40513989,0.526152,1.015607
2016-05-26T00:03:26-07:00,40000,40513989,0.519406,0.000000
2016-05-26T00:03:27-07:00,41000,41528758,0.525677,1.014821
2016-05-26T00:03:28-07:00,42000,42541195,0.531614,0.990439
2016-05-26T00:03:29-07:00,42000,42541195,0.525197,0.000000
2016-05-26T00:03:30-07:00,43000,43551358,0.531111,1.010140
2016-05-26T00:03:31-07:00,43000,43551358,0.524712,0.000000
2016-05-26T00:03:32-07:00,44000,44556048,0.530426,1.004708
2016-05-26T00:03:33-07:00,44000,44556048,0.524172,0.000000
2016-05-26T00:03:34-07:00,44000,44556048,0.518091,0.000000
2016-05-26T00:03:35-07:00,45000,45580518,0.523911,1.024435
2016-05-26T00:03:36-07:00,46000,46598320,0.529523,1.017748
2016-05-26T00:03:37-07:00,46000,46598320,0.523574,0.000000
2016-05-26T00:03:38-07:00,47000,47614354,0.529046,1.016085
2016-05-26T00:03:39-07:00,47000,47614354,0.523219,0.000000
2016-05-26T00:03:40-07:00,48000,48626994,0.528552,1.015012
2016-05-26T00:03:41-07:00,48000,48626994,0.522868,0.000000
2016-05-26T00:03:42-07:00,49000,49638872,0.528070,1.011857
2016-05-26T00:03:43-07:00,50000,50651542,0.533172,1.012694
2016-05-26T00:03:44-07:00,50000,50651542,0.527618,0.000000
2016-05-26T00:03:45-07:00,51000,51669660,0.532668,1.016936
2016-05-26T00:03:46-07:00,51000,51669660,0.527227,0.000000
2016-05-26T00:03:47-07:00,51000,51669660,0.521913,0.000000
2016-05-26T00:03:48-07:00,52000,52685121,0.526849,1.015462
2016-05-26T00:03:49-07:00,53000,53700273,0.531683,1.015088
2016-05-26T00:03:50-07:00,53000,53700273,0.526471,0.000000
2016-05-26T00:03:51-07:00,54000,54709392,0.531157,1.009188
2016-05-26T00:03:52-07:00,54000,54709392,0.526038,0.000000
2016-05-26T00:03:53-07:00,54000,54709392,0.521040,0.000000
2016-05-26T00:03:54-07:00,55000,55719182,0.525650,1.009762
2016-05-26T00:03:55-07:00,55000,55719182,0.520738,0.000000
2016-05-26T00:03:56-07:00,56000,56731191,0.525287,1.012041
2016-05-26T00:03:57-07:00,57000,57747920,0.529791,1.015889
2016-05-26T00:03:58-07:00,57000,57747920,0.524966,0.000000
2016-05-26T00:03:59-07:00,57000,57747920,0.520249,0.000000
2016-05-26T00:04:00-07:00,58000,58760715,0.524647,1.012739
2016-05-26T00:04:01-07:00,58000,58760715,0.520004,0.000000
2016-05-26T00:04:02-07:00,59000,59777079,0.524348,1.014118
2016-05-26T00:04:03-07:00,59000,59777079,0.519799,0.000000
2016-05-26T00:04:04-07:00,60000,60793761,0.524082,1.016617
2016-05-26T00:04:05-07:00,60000,60793761,0.519603,0.000000
2016-05-26T00:04:06-07:00,61000,61805178,0.523771,1.011421
2016-05-26T00:04:07-07:00,61000,61805178,0.519369,0.000000
2016-05-26T00:04:08-07:00,62000,62814906,0.523446,1.007463
2016-05-26T00:04:09-07:00,62000,62814906,0.519123,0.000000
2016-05-26T00:04:10-07:00,62000,62814906,0.514874,0.000000
2016-05-26T00:04:11-07:00,63000,63829802,0.518939,1.014866
2016-05-26T00:04:12-07:00,64000,64845859,0.522948,1.016064
2016-05-26T00:04:13-07:00,64000,64845859,0.518765,0.000000
2016-05-26T00:04:14-07:00,65000,65863620,0.522717,1.015865
2016-05-26T00:04:15-07:00,65000,65863620,0.518609,0.000000
2016-05-26T00:04:16-07:00,65000,65863620,0.514558,0.000000
2016-05-26T00:04:17-07:00,66000,66879052,0.518440,1.015387
2016-05-26T00:04:18-07:00,67000,67895973,0.522275,1.016946
2016-05-26T00:04:19-07:00,67000,67895973,0.518279,0.000000
2016-05-26T00:04:20-07:00,67000,67895973,0.514354,0.000000
2016-05-26T00:04:21-07:00,68000,68913829,0.518083,1.003262
2016-05-26T00:04:22-07:00,68000,68913829,0.514280,0.000000
2016-05-26T00:04:23-07:00,69000,69928350,0.517986,1.014552
2016-05-26T00:04:24-07:00,70000,70938362,0.521604,1.010006
2016-05-26T00:04:25-07:00,71000,71957053,0.525232,1.018690
2016-05-26T00:04:26-07:00,71000,71957053,0.521422,0.000000
2016-05-26T00:04:27-07:00,71000,71957053,0.517675,0.000000
2016-05-26T00:04:28-07:00,72000,72978282,0.521272,1.021273
2016-05-26T00:04:29-07:00,72000,72978282,0.517575,0.000000
2016-05-26T00:04:30-07:00,73000,73993472,0.521072,1.013193
2016-05-26T00:04:31-07:00,73000,73993472,0.517427,0.000000
2016-05-26T00:04:32-07:00,73000,73993472,0.513785,0.000000
2016-05-26T00:04:33-07:00,74000,75005393,0.517277,1.028357
2016-05-26T00:04:34-07:00,74000,75005393,0.513734,0.000000
2016-05-26T00:04:35-07:00,75000,76027125,0.517190,1.021728
2016-05-26T00:04:36-07:00,75000,76027125,0.513695,0.000000
2016-05-26T00:04:37-07:00,76000,77043768,0.517067,1.015732
2016-05-26T00:04:38-07:00,76000,77043768,0.513624,0.000000
2016-05-26T00:04:39-07:00,77000,78058943,0.516945,1.015086
2016-05-26T00:04:40-07:00,77000,78058943,0.513544,0.000000
2016-05-26T00:04:41-07:00,78000,79086658,0.516905,1.027760
2016-05-26T00:04:42-07:00,78000,79086658,0.513541,0.000000
2016-05-26T00:04:43-07:00,78000,79086658,0.510235,0.000000
2016-05-26T00:04:44-07:00,79000,80101904,0.513472,1.015163
2016-05-26T00:04:45-07:00,80000,81113427,0.516644,1.011473
2016-05-26T00:04:46-07:00,80000,81113427,0.513374,0.000000
2016-05-26T00:04:47-07:00,81000,82125309,0.516510,1.011889
2016-05-26T00:04:48-07:00,81000,82125309,0.513223,0.000000
2016-05-26T00:04:49-07:00,81000,82125309,0.510094,0.000000
2016-05-26T00:04:50-07:00,82000,83137034,0.513190,1.011664
2016-05-26T00:04:51-07:00,82000,83137034,0.510041,0.000000
2016-05-26T00:04:52-07:00,83000,84142708,0.513064,1.005762
2016-05-26T00:04:53-07:00,83000,84142708,0.509954,0.000000
2016-05-26T00:04:54-07:00,84000,85133367,0.512843,0.988444
2016-05-26T00:04:55-07:00,84000,85133367,0.509779,0.000000
2016-05-26T00:04:56-07:00,84000,85133367,0.506745,0.000000
2016-05-26T00:04:57-07:00,85000,86142022,0.509715,1.008656
2016-05-26T00:04:58-07:00,85000,86142022,0.506716,0.000000
2016-05-26T00:04:59-07:00,86000,87154347,0.509673,1.012326
2016-05-26T00:05:00-07:00,86000,87154347,0.506703,0.000000
2016-05-26T00:05:01-07:00,86000,87154347,0.503781,0.000000
2016-05-26T00:05:02-07:00,87000,88167283,0.506707,1.012873
2016-05-26T00:05:03-07:00,87000,88167283,0.503812,0.000000
2016-05-26T00:05:04-07:00,88000,89187464,0.506745,1.020102
2016-05-26T00:05:05-07:00,88000,89187464,0.503883,0.000000
2016-05-26T00:05:06-07:00,89000,90201545,0.506744,1.012246
2016-05-26T00:05:07-07:00,89000,90201545,0.503918,0.000000
2016-05-26T00:05:08-07:00,90000,91222379,0.506790,1.020772
2016-05-26T00:05:09-07:00,90000,91222379,0.503990,0.000000
2016-05-26T00:05:10-07:00,91000,92232589,0.506771,1.010172
2016-05-26T00:05:11-07:00,91000,92232589,0.504002,0.000000
2016-05-26T00:05:12-07:00,91000,92232589,0.501263,0.000000
2016-05-26T00:05:13-07:00,92000,93245265,0.504027,1.012652
2016-05-26T00:05:14-07:00,92000,93245265,0.501317,0.000000
2016-05-26T00:05:15-07:00,93000,94265024,0.504090,1.019755
2016-05-26T00:05:16-07:00,93000,94265024,0.501402,0.000000
2016-05-26T00:05:17-07:00,93000,94265024,0.498756,0.000000
2016-05-26T00:05:18-07:00,94000,95274291,0.501442,1.009244
2016-05-26T00:05:19-07:00,94000,95274291,0.498817,0.000000
2016-05-26T00:05:20-07:00,95000,96285688,0.501487,1.011387
2016-05-26T00:05:21-07:00,96000,97296504,0.504126,1.010834
2016-05-26T00:05:22-07:00,96000,97296504,0.501521,0.000000
2016-05-26T00:05:23-07:00,96000,97296504,0.498955,0.000000
2016-05-26T00:05:24-07:00,97000,98316284,0.501612,1.019703
2016-05-26T00:05:25-07:00,97000,98316284,0.499066,0.000000
2016-05-26T00:05:26-07:00,98000,99323751,0.501634,1.007464
2016-05-26T00:05:27-07:00,98000,99323751,0.499113,0.000000
2016-05-26T00:05:28-07:00,99000,100337640,0.501661,1.003618
2016-05-26T00:05:29-07:00,99000,100337640,0.499191,0.000000
2016-05-26T00:05:30-07:00,99000,100337640,0.496720,0.000000
2016-05-26T00:05:31-07:00,100000,101347173,0.499246,1.009475
2016-05-26T00:05:32-07:00,100000,101347173,0.496799,0.000000
2016-05-26T00:05:33-07:00,101000,102367255,0.499316,1.005560
2016-05-26T00:05:34-07:00,101000,102367255,0.496927,0.000000
2016-05-26T00:05:35-07:00,102000,103379135,0.499415,1.011819
2016-05-26T00:05:36-07:00,102000,103379135,0.497014,0.000000
2016-05-26T00:05:37-07:00,103000,104394972,0.499496,1.015838
2016-05-26T00:05:38-07:00,103000,104394972,0.497118,0.000000
2016-05-26T00:05:39-07:00,104000,105405630,0.499552,1.010620
2016-05-26T00:05:40-07:00,104000,105405630,0.497190,0.000000
2016-05-26T00:05:41-07:00,104000,105405630,0.494861,0.000000
2016-05-26T00:05:42-07:00,105000,106424956,0.497312,1.019274
2016-05-26T00:05:43-07:00,106000,107432509,0.499685,1.007553
2016-05-26T00:05:44-07:00,106000,107432509,0.497372,0.000000
2016-05-26T00:05:45-07:00,106000,107432509,0.495074,0.000000
2016-05-26T00:05:46-07:00,107000,108448020,0.497467,1.017847
2016-05-26T00:05:47-07:00,107000,108448020,0.495195,0.000000
2016-05-26T00:05:48-07:00,108000,109462877,0.497557,1.014838
2016-05-26T00:05:49-07:00,109000,110477798,0.499898,1.014898
2016-05-26T00:05:50-07:00,109000,110477798,0.497647,0.000000
2016-05-26T00:05:51-07:00,110000,111497124,0.499974,1.013799
2016-05-26T00:05:52-07:00,110000,111497124,0.497749,0.000000
2016-05-26T00:05:53-07:00,110000,111497124,0.495542,0.000000
2016-05-26T00:05:54-07:00,111000,112504192,0.497805,1.006953
2016-05-26T00:05:55-07:00,111000,112504192,0.495612,0.000000
2016-05-26T00:05:56-07:00,112000,113523681,0.497910,1.019485
2016-05-26T00:05:57-07:00,112000,113523681,0.495732,0.000000
2016-05-26T00:05:58-07:00,112000,113523681,0.493580,0.000000
2016-05-26T00:05:59-07:00,113000,114538386,0.495836,1.014623
2016-05-26T00:06:00-07:00,113000,114538386,0.493699,0.000000
2016-05-26T00:06:01-07:00,114000,115554761,0.495942,1.016381
2016-05-26T00:06:02-07:00,114000,115554761,0.493823,0.000000
2016-05-26T00:06:03-07:00,115000,116576166,0.496067,1.021134
2016-05-26T00:06:04-07:00,115000,116576166,0.493966,0.000000
2016-05-26T00:06:05-07:00,115000,116576166,0.491882,0.000000
2016-05-26T00:06:06-07:00,116000,117586319,0.494059,1.010122
2016-05-26T00:06:07-07:00,117000,118598069,0.496225,1.011763
2016-05-26T00:06:08-07:00,117000,118598069,0.494158,0.000000
2016-05-26T00:06:09-07:00,118000,119617244,0.496335,1.018528
2016-05-26T00:06:10-07:00,118000,119617244,0.494281,0.000000
2016-05-26T00:06:11-07:00,118000,119617244,0.492226,0.000000
2016-05-26T00:06:12-07:00,119000,120621436,0.494349,1.016703
2016-05-26T00:06:13-07:00,119000,120621436,0.492331,0.000000
2016-05-26T00:06:14-07:00,120000,121633453,0.494439,1.009728
2016-05-26T00:06:15-07:00,120000,121633453,0.492438,0.000000
2016-05-26T00:06:16-07:00,120000,121633453,0.490457,0.000000
2016-05-26T00:06:17-07:00,121000,122644201,0.492546,1.010647
2016-05-26T00:06:18-07:00,121000,122644201,0.490576,0.000000
2016-05-26T00:06:19-07:00,122000,123661672,0.492675,1.017466
2016-05-26T00:06:20-07:00,122000,123661672,0.490720,0.000000
2016-05-26T00:06:21-07:00,122000,123661672,0.488745,0.000000
2016-05-26T00:06:22-07:00,123000,124681470,0.490871,1.038719
2016-05-26T00:06:23-07:00,123000,124681470,0.488946,0.000000
2016-05-26T00:06:24-07:00,124000,125691992,0.490983,1.010502
2016-05-26T00:06:25-07:00,124000,125691992,0.489069,0.000000
2016-05-26T00:06:26-07:00,125000,126701730,0.491091,1.011880
2016-05-26T00:06:27-07:00,125000,126701730,0.489195,0.000000
2016-05-26T00:06:28-07:00,126000,127716267,0.491216,1.014540
2016-05-26T00:06:29-07:00,126000,127716267,0.489333,0.000000
2016-05-26T00:06:30-07:00,127000,128733619,0.491349,1.017403
2016-05-26T00:06:31-07:00,127000,128733619,0.489481,0.000000
2016-05-26T00:06:32-07:00,127000,128733619,0.487585,0.000000
2016-05-26T00:06:33-07:00,128000,129752318,0.489631,1.041907
2016-05-26T00:06:34-07:00,128000,129752318,0.487790,0.000000
2016-05-26T00:06:35-07:00,129000,130770641,0.489777,1.018356
2016-05-26T00:06:36-07:00,129000,130770641,0.487945,0.000000
2016-05-26T00:06:37-07:00,129000,130770641,0.486135,0.000000
2016-05-26T00:06:38-07:00,130000,131789774,0.488109,1.019099
2016-05-26T00:06:39-07:00,130000,131789774,0.486308,0.000000
2016-05-26T00:06:40-07:00,131000,132805297,0.488254,1.015520
2016-05-26T00:06:41-07:00,131000,132805297,0.486465,0.000000
2016-05-26T00:06:42-07:00,132000,133817945,0.488386,1.012646
2016-05-26T00:06:43-07:00,132000,133817945,0.486610,0.000000
2016-05-26T00:06:44-07:00,132000,133817945,0.484847,0.000000
2016-05-26T00:06:45-07:00,133000,134834512,0.486766,1.016495
2016-05-26T00:06:46-07:00,133000,134834512,0.485015,0.000000
2016-05-26T00:06:47-07:00,134000,135850764,0.486919,1.016302
2016-05-26T00:06:48-07:00,134000,135850764,0.485181,0.000000
2016-05-26T00:06:49-07:00,134000,135850764,0.483450,0.000000
2016-05-26T00:06:50-07:00,134000,135850764,0.481736,0.000000
2016-05-26T00:06:51-07:00,135000,136869906,0.483638,1.021255
2016-05-26T00:06:52-07:00,135000,136869906,0.481935,0.000000
2016-05-26T00:06:53-07:00,136000,137881273,0.483793,1.011383
2016-05-26T00:06:54-07:00,136000,137881273,0.482102,0.000000
2016-05-26T00:06:55-07:00,137000,138898390,0.483962,1.014865
2016-05-26T00:06:56-07:00,137000,138898390,0.482285,0.000000
2016-05-26T00:06:57-07:00,137000,138898390,0.480617,0.000000
2016-05-26T00:06:58-07:00,138000,139910864,0.482450,1.012453
2016-05-26T00:06:59-07:00,138000,139910864,0.480792,0.000000
2016-05-26T00:07:00-07:00,139000,140928818,0.482632,1.018030
2016-05-26T00:07:01-07:00,139000,140928818,0.480984,0.000000
2016-05-26T00:07:02-07:00,139000,140928818,0.479349,0.000000
2016-05-26T00:07:03-07:00,140000,141947256,0.481176,1.018405
2016-05-26T00:07:04-07:00,140000,141947256,0.479551,0.000000
2016-05-26T00:07:05-07:00,141000,142933900,0.481258,0.986670
2016-05-26T00:07:06-07:00,141000,142933900,0.479643,0.000000
2016-05-26T00:07:07-07:00,142000,143945090,0.481418,1.009561
2016-05-26T00:07:08-07:00,142000,143945090,0.479816,0.000000
2016-05-26T00:07:09-07:00,142000,143945090,0.478222,0.000000
2016-05-26T00:07:10-07:00,143000,144965676,0.480018,1.020550
2016-05-26T00:07:11-07:00,144000,145984918,0.481798,1.019266
2016-05-26T00:07:12-07:00,144000,145984918,0.480209,0.000000
2016-05-26T00:07:13-07:00,144000,145984918,0.478638,0.000000
2016-05-26T00:07:14-07:00,145000,146999645,0.480390,1.014710
2016-05-26T00:07:15-07:00,145000,146999645,0.478825,0.000000
2016-05-26T00:07:16-07:00,146000,148013691,0.480562,1.013206
2016-05-26T00:07:17-07:00,146000,148013691,0.478974,0.000000
2016-05-26T00:07:18-07:00,146000,148013691,0.477463,0.000000
2016-05-26T00:07:19-07:00,147000,149025570,0.479181,1.011805
2016-05-26T00:07:20-07:00,148000,150045130,0.480913,1.019548
2016-05-26T00:07:21-07:00,148000,150045130,0.479373,0.000000
2016-05-26T00:07:22-07:00,148000,150045130,0.477850,0.000000
2016-05-26T00:07:23-07:00,149000,151058096,0.479549,1.012947
2016-05-26T00:07:24-07:00,150000,152070371,0.481235,1.012234
2016-05-26T00:07:25-07:00,150000,152070371,0.479713,0.000000
2016-05-26T00:07:26-07:00,150000,152070371,0.478208,0.000000
2016-05-26T00:07:27-07:00,151000,153084085,0.479887,1.013696
2016-05-26T00:07:28-07:00,151000,153084085,0.478387,0.000000
2016-05-26T00:07:29-07:00,152000,154106924,0.480083,1.022812
2016-05-26T00:07:30-07:00,152000,154106924,0.478589,0.000000
2016-05-26T00:07:31-07:00,152000,154106924,0.477111,0.000000
2016-05-26T00:07:32-07:00,153000,155117132,0.478756,1.010163
2016-05-26T00:07:33-07:00,153000,155117132,0.477283,0.000000
2016-05-26T00:07:34-07:00,154000,156138110,0.478951,1.020962
2016-05-26T00:07:35-07:00,154000,156138110,0.477486,0.000000
2016-05-26T00:07:36-07:00,154000,156138110,0.476030,0.000000
2016-05-26T00:07:37-07:00,155000,157156396,0.477678,1.018266
2016-05-26T00:07:38-07:00,156000,158165242,0.479288,1.008861
2016-05-26T00:07:39-07:00,156000,158165242,0.477840,0.000000
2016-05-26T00:07:40-07:00,156000,158165242,0.476401,0.000000
2016-05-26T00:07:41-07:00,157000,159179807,0.478017,1.014539
2016-05-26T00:07:42-07:00,157000,159179807,0.476586,0.000000
2016-05-26T00:07:43-07:00,158000,160200101,0.478209,1.020318
2016-05-26T00:07:44-07:00,158000,160200101,0.476785,0.000000
2016-05-26T00:07:45-07:00,158000,160200101,0.475371,0.000000
2016-05-26T00:07:46-07:00,159000,161224782,0.476996,1.024676
2016-05-26T00:07:47-07:00,160000,162247131,0.478605,1.022415
2016-05-26T00:07:48-07:00,160000,162247131,0.477197,0.000000
2016-05-26T00:07:49-07:00,160000,162247131,0.475797,0.000000
2016-05-26T00:07:50-07:00,161000,163264027,0.477379,1.016846
2016-05-26T00:07:51-07:00,161000,163264027,0.475988,0.000000
2016-05-26T00:07:52-07:00,161000,163264027,0.474604,0.000000
2016-05-26T00:07:53-07:00,162000,164289137,0.476200,1.025151
2016-05-26T00:07:54-07:00,162000,164289137,0.474824,0.000000
2016-05-26T00:07:55-07:00,163000,165303337,0.476378,1.014160
2016-05-26T00:07:56-07:00,163000,165303337,0.475009,0.000000
2016-05-26T00:07:57-07:00,164000,166322092,0.476567,1.018755
2016-05-26T00:07:58-07:00,164000,166322092,0.475202,0.000000
2016-05-26T00:07:59-07:00,164000,166322092,0.473852,0.000000
2016-05-26T00:08:00-07:00,165000,167327736,0.475362,1.005587
2016-05-26T00:08:01-07:00,165000,167327736,0.474016,0.000000
2016-05-26T00:08:02-07:00,166000,168340776,0.475538,1.013090
2016-05-26T00:08:03-07:00,166000,168340776,0.474199,0.000000
2016-05-26T00:08:04-07:00,167000,169357941,0.475724,1.017101
2016-05-26T00:08:05-07:00,167000,169357941,0.474391,0.000000
2016-05-26T00:08:06-07:00,168000,170372934,0.475898,1.012736
2016-05-26T00:08:07-07:00,168000,170372934,0.474576,0.000000
2016-05-26T00:08:08-07:00,168000,170372934,0.473255,0.000000
2016-05-26T00:08:09-07:00,169000,171379789,0.474736,1.009157
2016-05-26T00:08:10-07:00,169000,171379789,0.473424,0.000000
2016-05-26T00:08:11-07:00,170000,172395905,0.474919,1.016129
2016-05-26T00:08:12-07:00,170000,172395905,0.473614,0.000000
2016-05-26T00:08:13-07:00,171000,173407840,0.475089,1.011801
2016-05-26T00:08:14-07:00,171000,173407840,0.473791,0.000000
2016-05-26T00:08:15-07:00,172000,174417615,0.475252,1.009706
2016-05-26T00:08:16-07:00,172000,174417615,0.473960,0.000000
2016-05-26T00:08:17-07:00,172000,174417615,0.472676,0.000000
2016-05-26T00:08:18-07:00,172000,174417615,0.471398,0.000000
2016-05-26T00:08:19-07:00,173000,175426418,0.472847,1.008756
2016-05-26T00:08:20-07:00,173000,175426418,0.471576,0.000000
2016-05-26T00:08:21-07:00,174000,176436815,0.473020,1.010381
2016-05-26T00:08:22-07:00,174000,176436815,0.471756,0.000000
2016-05-26T00:08:23-07:00,174000,176436815,0.470498,0.000000
2016-05-26T00:08:24-07:00,175000,177451841,0.471943,1.012708
2016-05-26T00:08:25-07:00,175000,177451841,0.470694,0.000000
2016-05-26T00:08:26-07:00,176000,178458012,0.472111,1.006108
2016-05-26T00:08:27-07:00,176000,178458012,0.470865,0.000000
2016-05-26T00:08:28-07:00,176000,178458012,0.469626,0.000000
2016-05-26T00:08:29-07:00,177000,179470811,0.471051,1.012710
2016-05-26T00:08:30-07:00,177000,179470811,0.469818,0.000000
2016-05-26T00:08:31-07:00,178000,180483450,0.471236,1.012707
2016-05-26T00:08:32-07:00,178000,180483450,0.470007,0.000000
2016-05-26T00:08:33-07:00,178000,180483450,0.468788,0.000000
2016-05-26T00:08:34-07:00,179000,181494267,0.470192,1.010734
2016-05-26T00:08:35-07:00,179000,181494267,0.468969,0.000000
2016-05-26T00:08:36-07:00,179000,181494267,0.467768,0.000000
2016-05-26T00:08:37-07:00,180000,182509721,0.469176,1.015414
2016-05-26T00:08:38-07:00,180000,182509721,0.467973,0.000000
2016-05-26T00:08:39-07:00,181000,183536643,0.469400,1.024604
2016-05-26T00:08:40-07:00,181000,183536643,0.468205,0.000000
2016-05-26T00:08:41-07:00,182000,184552836,0.469600,1.016217
2016-05-26T00:08:42-07:00,182000,184552836,0.468408,0.000000
2016-05-26T00:08:43-07:00,183000,185572664,0.469804,1.019846
2016-05-26T00:08:44-07:00,183000,185572664,0.468617,0.000000
2016-05-26T00:08:45-07:00,183000,185572664,0.467437,0.000000
2016-05-26T00:08:46-07:00,184000,186591541,0.468822,1.018885
2016-05-26T00:08:47-07:00,184000,186591541,0.467647,0.000000
2016-05-26T00:08:48-07:00,184000,186591541,0.466478,0.000000
2016-05-26T00:08:49-07:00,185000,187603988,0.467839,1.011923
2016-05-26T00:08:50-07:00,185000,187603988,0.466676,0.000000
2016-05-26T00:08:51-07:00,186000,188622410,0.468045,1.018454
2016-05-26T00:08:52-07:00,186000,188622410,0.466887,0.000000
2016-05-26T00:08:53-07:00,186000,188622410,0.465734,0.000000
2016-05-26T00:08:54-07:00,187000,189639170,0.467091,1.016712
2016-05-26T00:08:55-07:00,187000,189639170,0.465943,0.000000
2016-05-26T00:08:56-07:00,188000,190655568,0.467293,1.016364
2016-05-26T00:08:57-07:00,188000,190655568,0.466147,0.000000
2016-05-26T00:08:58-07:00,188000,190655568,0.465013,0.000000
2016-05-26T00:08:59-07:00,189000,191675588,0.466363,1.019938
2016-05-26T00:09:00-07:00,189000,191675588,0.465231,0.000000
2016-05-26T00:09:01-07:00,189000,191675588,0.464105,0.000000
2016-05-26T00:09:02-07:00,190000,192696744,0.465451,1.021105
2016-05-26T00:09:03-07:00,190000,192696744,0.464329,0.000000
2016-05-26T00:09:04-07:00,191000,193716448,0.465664,1.019675
2016-05-26T00:09:05-07:00,191000,193716448,0.464547,0.000000
2016-05-26T00:09:06-07:00,191000,193716448,0.463436,0.000000
2016-05-26T00:09:07-07:00,192000,194732853,0.464756,1.016467
2016-05-26T00:09:08-07:00,192000,194732853,0.463649,0.000000
2016-05-26T00:09:09-07:00,192000,194732853,0.462548,0.000000
2016-05-26T00:09:10-07:00,193000,195747012,0.463855,1.014139
2016-05-26T00:09:11-07:00,193000,195747012,0.462758,0.000000
2016-05-26T00:09:12-07:00,194000,196757231,0.464050,1.010188
2016-05-26T00:09:13-07:00,194000,196757231,0.462958,0.000000
2016-05-26T00:09:14-07:00,194000,196757231,0.461871,0.000000
2016-05-26T00:09:15-07:00,195000,197776181,0.463176,1.018973
2016-05-26T00:09:16-07:00,195000,197776181,0.462093,0.000000
2016-05-26T00:09:17-07:00,195000,197776181,0.461016,0.000000
2016-05-26T00:09:18-07:00,196000,198789485,0.462301,1.013301
2016-05-26T00:09:19-07:00,196000,198789485,0.461228,0.000000
2016-05-26T00:09:20-07:00,197000,199804108,0.462509,1.014732
2016-05-26T00:09:21-07:00,197000,199804108,0.461441,0.000000
2016-05-26T00:09:22-07:00,197000,199804108,0.460378,0.000000
2016-05-26T00:09:23-07:00,198000,200819774,0.461654,1.015733
2016-05-26T00:09:24-07:00,198000,200819774,0.460595,0.000000
2016-05-26T00:09:25-07:00,198000,200819774,0.459541,0.000000
2016-05-26T00:09:26-07:00,199000,201832676,0.460805,1.012930
2016-05-26T00:09:27-07:00,199000,201832676,0.459755,0.000000
2016-05-26T00:09:27-07:00,200000,202846298,0.461474,1.804875
