date,tokens,avg_million_tokens_per_second,milllion_tokens_per_second
2017-01-24T04:25:58-08:00,0,0.000000,0.000000
2017-01-24T04:26:03-08:00,11244526,2.198847,2.198847
2017-01-24T04:26:08-08:00,20791361,2.160482,2.115373
