date,docs_indexed,plaintext_bytes_indexed,avg_mb_per_second,mb_per_second
2016-06-02T13:30:30-07:00,0,0,0.000000,0.000000
2016-06-02T13:30:31-07:00,0,0,0.000000,0.000000
2016-06-02T13:30:32-07:00,0,0,0.000000,0.000000
2016-06-02T13:30:33-07:00,1000,1022787,0.340836,1.022741
2016-06-02T13:30:34-07:00,2000,2041607,0.510296,1.018806
2016-06-02T13:30:35-07:00,2000,2041607,0.408252,0.000000
2016-06-02T13:30:36-07:00,3000,3048832,0.508064,1.007193
2016-06-02T13:30:37-07:00,3000,3048832,0.435493,0.000000
2016-06-02T13:30:38-07:00,4000,4065753,0.508163,1.016913
2016-06-02T13:30:39-07:00,4000,4065753,0.451705,0.000000
2016-06-02T13:30:40-07:00,4000,4065753,0.406540,0.000000
2016-06-02T13:30:41-07:00,4000,4065753,0.369580,0.000000
2016-06-02T13:30:42-07:00,4000,4065753,0.338784,0.000000
2016-06-02T13:30:43-07:00,5000,5079899,0.390735,1.014282
2016-06-02T13:30:44-07:00,6000,6100477,0.435722,1.020611
2016-06-02T13:30:45-07:00,6000,6100477,0.406676,0.000000
2016-06-02T13:30:46-07:00,7000,7120298,0.444993,1.019739
2016-06-02T13:30:47-07:00,7000,7120298,0.418820,0.000000
2016-06-02T13:30:48-07:00,8000,8130948,0.451697,1.010637
2016-06-02T13:30:49-07:00,8000,8130948,0.427924,0.000000
2016-06-02T13:30:50-07:00,9000,9149579,0.457459,1.018677
2016-06-02T13:30:51-07:00,9000,9149579,0.435676,0.000000
2016-06-02T13:30:52-07:00,9000,9149579,0.415874,0.000000
2016-06-02T13:30:53-07:00,9000,9149579,0.397793,0.000000
2016-06-02T13:30:54-07:00,9000,9149579,0.381219,0.000000
2016-06-02T13:30:55-07:00,9000,9149579,0.365971,0.000000
2016-06-02T13:30:56-07:00,9000,9149579,0.351895,0.000000
2016-06-02T13:30:57-07:00,10000,10167181,0.376550,1.017665
2016-06-02T13:30:58-07:00,11000,11182014,0.399345,1.014820
2016-06-02T13:30:59-07:00,11000,11182014,0.385575,0.000000
2016-06-02T13:31:00-07:00,12000,12199369,0.406633,1.017278
2016-06-02T13:31:01-07:00,12000,12199369,0.393517,0.000000
2016-06-02T13:31:02-07:00,13000,13210191,0.412807,1.010804
2016-06-02T13:31:03-07:00,13000,13210191,0.400298,0.000000
2016-06-02T13:31:04-07:00,14000,14218018,0.418166,1.007812
2016-06-02T13:31:05-07:00,14000,14218018,0.406219,0.000000
2016-06-02T13:31:06-07:00,14000,14218018,0.394935,0.000000
2016-06-02T13:31:07-07:00,14000,14218018,0.384261,0.000000
2016-06-02T13:31:08-07:00,14000,14218018,0.374149,0.000000
2016-06-02T13:31:09-07:00,14000,14218018,0.364556,0.000000
2016-06-02T13:31:10-07:00,15000,15232158,0.380796,1.014252
2016-06-02T13:31:11-07:00,16000,16234945,0.395966,1.002789
2016-06-02T13:31:12-07:00,16000,16234945,0.386539,0.000000
2016-06-02T13:31:13-07:00,17000,17246033,0.401062,1.011026
2016-06-02T13:31:14-07:00,17000,17246033,0.391947,0.000000
2016-06-02T13:31:15-07:00,18000,18250608,0.405561,1.004611
2016-06-02T13:31:16-07:00,18000,18250608,0.396745,0.000000
2016-06-02T13:31:17-07:00,19000,19253450,0.409640,1.002845
2016-06-02T13:31:18-07:00,19000,19253450,0.401106,0.000000
2016-06-02T13:31:19-07:00,19000,19253450,0.392921,0.000000
2016-06-02T13:31:20-07:00,19000,19253450,0.385062,0.000000
2016-06-02T13:31:21-07:00,19000,19253450,0.377512,0.000000
2016-06-02T13:31:22-07:00,19000,19253450,0.370252,0.000000
2016-06-02T13:31:23-07:00,20000,20262742,0.382310,1.009314
2016-06-02T13:31:24-07:00,21000,21273886,0.393954,1.011116
2016-06-02T13:31:25-07:00,21000,21273886,0.386792,0.000000
2016-06-02T13:31:26-07:00,22000,22292060,0.398066,1.018133
2016-06-02T13:31:27-07:00,22000,22292060,0.391083,0.000000
2016-06-02T13:31:28-07:00,23000,23314822,0.401974,1.022739
2016-06-02T13:31:29-07:00,23000,23314822,0.395161,0.000000
2016-06-02T13:31:30-07:00,24000,24329102,0.405480,1.014337
2016-06-02T13:31:31-07:00,24000,24329102,0.398832,0.000000
2016-06-02T13:31:32-07:00,24000,24329102,0.392399,0.000000
2016-06-02T13:31:33-07:00,24000,24329102,0.386171,0.000000
2016-06-02T13:31:34-07:00,24000,24329102,0.380136,0.000000
2016-06-02T13:31:35-07:00,24000,24329102,0.374289,0.000000
2016-06-02T13:31:36-07:00,25000,25346248,0.384016,1.014828
2016-06-02T13:31:37-07:00,26000,26366400,0.393523,1.022494
2016-06-02T13:31:38-07:00,26000,26366400,0.387736,0.000000
2016-06-02T13:31:39-07:00,27000,27377960,0.396777,1.011548
2016-06-02T13:31:40-07:00,27000,27377960,0.391109,0.000000
2016-06-02T13:31:41-07:00,28000,28392428,0.399888,1.014449
2016-06-02T13:31:42-07:00,28000,28392428,0.394331,0.000000
2016-06-02T13:31:43-07:00,28000,28392428,0.388864,0.000000
2016-06-02T13:31:44-07:00,29000,29408165,0.397402,1.028901
2016-06-02T13:31:45-07:00,29000,29408165,0.392104,0.000000
2016-06-02T13:31:46-07:00,29000,29408165,0.386945,0.000000
2016-06-02T13:31:47-07:00,29000,29408165,0.381920,0.000000
2016-06-02T13:31:48-07:00,29000,29408165,0.377023,0.000000
2016-06-02T13:31:49-07:00,29000,29408165,0.372251,0.000000
2016-06-02T13:31:50-07:00,29000,29408165,0.367598,0.000000
2016-06-02T13:31:51-07:00,31000,31414870,0.387834,2.006809
2016-06-02T13:31:52-07:00,31000,31414870,0.383104,0.000000
2016-06-02T13:31:53-07:00,32000,32419939,0.390598,1.005088
2016-06-02T13:31:54-07:00,33000,33429835,0.397970,1.009904
2016-06-02T13:31:55-07:00,33000,33429835,0.393288,0.000000
2016-06-02T13:31:56-07:00,34000,34441322,0.400477,1.011552
2016-06-02T13:31:57-07:00,34000,34441322,0.395873,0.000000
2016-06-02T13:31:58-07:00,34000,34441322,0.391375,0.000000
2016-06-02T13:31:59-07:00,34000,34441322,0.386977,0.000000
2016-06-02T13:32:00-07:00,34000,34441322,0.382678,0.000000
2016-06-02T13:32:01-07:00,34000,34441322,0.378472,0.000000
2016-06-02T13:32:02-07:00,34000,34441322,0.374359,0.000000
2016-06-02T13:32:03-07:00,34000,34441322,0.370333,0.000000
2016-06-02T13:32:04-07:00,35000,35456764,0.377196,1.015453
2016-06-02T13:32:05-07:00,36000,36464010,0.383828,1.007279
2016-06-02T13:32:06-07:00,37000,37473874,0.390350,1.009928
2016-06-02T13:32:07-07:00,37000,37473874,0.386325,0.000000
2016-06-02T13:32:08-07:00,37000,37473874,0.382383,0.000000
2016-06-02T13:32:09-07:00,38000,38483828,0.388722,1.009956
2016-06-02T13:32:10-07:00,38000,38483828,0.384835,0.000000
2016-06-02T13:32:11-07:00,39000,39498095,0.391067,1.014240
2016-06-02T13:32:12-07:00,39000,39498095,0.387233,0.000000
2016-06-02T13:32:13-07:00,39000,39498095,0.383473,0.000000
2016-06-02T13:32:14-07:00,39000,39498095,0.379786,0.000000
2016-06-02T13:32:15-07:00,39000,39498095,0.376169,0.000000
2016-06-02T13:32:16-07:00,39000,39498095,0.372620,0.000000
2016-06-02T13:32:17-07:00,39000,39498095,0.369138,0.000000
2016-06-02T13:32:18-07:00,40000,40513764,0.375125,1.015704
2016-06-02T13:32:19-07:00,40000,40513764,0.371683,0.000000
2016-06-02T13:32:20-07:00,41000,41528533,0.377529,1.014765
2016-06-02T13:32:21-07:00,42000,42540970,0.383249,1.012396
2016-06-02T13:32:22-07:00,42000,42540970,0.379827,0.000000
2016-06-02T13:32:23-07:00,43000,43551133,0.385405,1.010142
2016-06-02T13:32:24-07:00,43000,43551133,0.382025,0.000000
2016-06-02T13:32:25-07:00,44000,44555823,0.387439,1.004694
2016-06-02T13:32:26-07:00,44000,44555823,0.384099,0.000000
2016-06-02T13:32:27-07:00,44000,44555823,0.380816,0.000000
2016-06-02T13:32:28-07:00,44000,44555823,0.377589,0.000000
2016-06-02T13:32:29-07:00,44000,44555823,0.374416,0.000000
2016-06-02T13:32:30-07:00,44000,44555823,0.371296,0.000000
2016-06-02T13:32:31-07:00,44000,44555823,0.368225,0.000000
2016-06-02T13:32:32-07:00,45000,45580293,0.373604,1.024518
2016-06-02T13:32:33-07:00,46000,46598095,0.378844,1.018424
2016-06-02T13:32:34-07:00,47000,47614129,0.383982,1.016034
2016-06-02T13:32:35-07:00,47000,47614129,0.380910,0.000000
2016-06-02T13:32:36-07:00,48000,48626769,0.385924,1.012673
2016-06-02T13:32:37-07:00,48000,48626769,0.382885,0.000000
2016-06-02T13:32:38-07:00,49000,49638647,0.387799,1.011942
2016-06-02T13:32:39-07:00,49000,49638647,0.384793,0.000000
2016-06-02T13:32:40-07:00,49000,49638647,0.381833,0.000000
2016-06-02T13:32:41-07:00,49000,49638647,0.378918,0.000000
2016-06-02T13:32:42-07:00,49000,49638647,0.376048,0.000000
2016-06-02T13:32:43-07:00,49000,49638647,0.373220,0.000000
2016-06-02T13:32:44-07:00,49000,49638647,0.370435,0.000000
2016-06-02T13:32:45-07:00,50000,50651317,0.375193,1.012756
2016-06-02T13:32:46-07:00,51000,51669435,0.379920,1.018086
2016-06-02T13:32:47-07:00,51000,51669435,0.377147,0.000000
2016-06-02T13:32:48-07:00,52000,52684896,0.381772,1.015463
2016-06-02T13:32:49-07:00,52000,52684896,0.379026,0.000000
2016-06-02T13:32:50-07:00,53000,53700048,0.383569,1.015163
2016-06-02T13:32:51-07:00,53000,53700048,0.380849,0.000000
2016-06-02T13:32:52-07:00,54000,54709167,0.385273,1.009087
2016-06-02T13:32:53-07:00,54000,54709167,0.382579,0.000000
2016-06-02T13:32:54-07:00,54000,54709167,0.379922,0.000000
2016-06-02T13:32:55-07:00,54000,54709167,0.377302,0.000000
2016-06-02T13:32:56-07:00,54000,54709167,0.374718,0.000000
2016-06-02T13:32:57-07:00,54000,54709167,0.372169,0.000000
2016-06-02T13:32:58-07:00,54000,54709167,0.369654,0.000000
2016-06-02T13:32:59-07:00,55000,55718957,0.373951,1.009871
2016-06-02T13:33:00-07:00,56000,56730966,0.378204,1.011977
2016-06-02T13:33:01-07:00,56000,56730966,0.375700,0.000000
2016-06-02T13:33:02-07:00,57000,57747695,0.379917,1.016734
2016-06-02T13:33:03-07:00,58000,58760490,0.384053,1.012833
2016-06-02T13:33:04-07:00,58000,58760490,0.381559,0.000000
2016-06-02T13:33:05-07:00,58000,58760490,0.379098,0.000000
2016-06-02T13:33:06-07:00,59000,59776854,0.383183,1.016330
2016-06-02T13:33:07-07:00,59000,59776854,0.380742,0.000000
2016-06-02T13:33:08-07:00,59000,59776854,0.378332,0.000000
2016-06-02T13:33:09-07:00,59000,59776854,0.375953,0.000000
2016-06-02T13:33:10-07:00,59000,59776854,0.373603,0.000000
2016-06-02T13:33:11-07:00,59000,59776854,0.371283,0.000000
2016-06-02T13:33:12-07:00,60000,60793536,0.375267,1.016679
2016-06-02T13:33:13-07:00,61000,61804953,0.379169,1.011413
2016-06-02T13:33:14-07:00,61000,61804953,0.376857,0.000000
2016-06-02T13:33:15-07:00,62000,62814681,0.380693,1.009785
2016-06-02T13:33:16-07:00,62000,62814681,0.378400,0.000000
2016-06-02T13:33:17-07:00,63000,63829577,0.382211,1.014936
2016-06-02T13:33:18-07:00,63000,63829577,0.379936,0.000000
2016-06-02T13:33:19-07:00,64000,64845634,0.383697,1.014894
2016-06-02T13:33:20-07:00,64000,64845634,0.381443,0.000000
2016-06-02T13:33:21-07:00,64000,64845634,0.379212,0.000000
2016-06-02T13:33:22-07:00,64000,64845634,0.377008,0.000000
2016-06-02T13:33:23-07:00,64000,64845634,0.374828,0.000000
2016-06-02T13:33:24-07:00,64000,64845634,0.372674,0.000000
2016-06-02T13:33:25-07:00,64000,64845634,0.370545,0.000000
2016-06-02T13:33:26-07:00,64000,64845634,0.368439,0.000000
2016-06-02T13:33:27-07:00,65000,65863395,0.372108,1.017780
2016-06-02T13:33:28-07:00,66000,66878827,0.375722,1.015415
2016-06-02T13:33:29-07:00,66000,66878827,0.373623,0.000000
2016-06-02T13:33:30-07:00,67000,67895973,0.377198,1.017162
2016-06-02T13:33:31-07:00,68000,68913829,0.380738,1.017892
2016-06-02T13:33:32-07:00,68000,68913829,0.378646,0.000000
2016-06-02T13:33:33-07:00,68000,68913829,0.376576,0.000000
2016-06-02T13:33:34-07:00,69000,69928350,0.380043,1.014494
2016-06-02T13:33:35-07:00,69000,69928350,0.377989,0.000000
2016-06-02T13:33:36-07:00,69000,69928350,0.375957,0.000000
2016-06-02T13:33:37-07:00,69000,69928350,0.373947,0.000000
2016-06-02T13:33:38-07:00,69000,69928350,0.371957,0.000000
2016-06-02T13:33:39-07:00,69000,69928350,0.369989,0.000000
2016-06-02T13:33:40-07:00,69000,69928350,0.368042,0.000000
2016-06-02T13:33:41-07:00,70000,70938362,0.371403,1.010048
2016-06-02T13:33:42-07:00,71000,71957053,0.374775,1.018718
2016-06-02T13:33:43-07:00,71000,71957053,0.372833,0.000000
2016-06-02T13:33:44-07:00,72000,72978282,0.376175,1.021192
2016-06-02T13:33:45-07:00,72000,72978282,0.374246,0.000000
2016-06-02T13:33:46-07:00,73000,73993472,0.377516,1.015114
2016-06-02T13:33:47-07:00,73000,73993472,0.375600,0.000000
2016-06-02T13:33:48-07:00,74000,75005393,0.378814,1.011957
2016-06-02T13:33:49-07:00,74000,75005393,0.376910,0.000000
2016-06-02T13:33:50-07:00,74000,75005393,0.375025,0.000000
2016-06-02T13:33:51-07:00,74000,75005393,0.373160,0.000000
2016-06-02T13:33:52-07:00,74000,75005393,0.371312,0.000000
2016-06-02T13:33:53-07:00,74000,75005393,0.369483,0.000000
2016-06-02T13:33:54-07:00,74000,75005393,0.367672,0.000000
2016-06-02T13:33:55-07:00,75000,76027125,0.370862,1.021764
2016-06-02T13:33:56-07:00,76000,77043768,0.373997,1.016595
2016-06-02T13:33:57-07:00,76000,77043768,0.372191,0.000000
2016-06-02T13:33:58-07:00,77000,78058943,0.375282,1.015180
2016-06-02T13:33:59-07:00,77000,78058943,0.373486,0.000000
2016-06-02T13:34:00-07:00,78000,79086658,0.376602,1.027795
2016-06-02T13:34:01-07:00,78000,79086658,0.374817,0.000000
2016-06-02T13:34:02-07:00,79000,80101904,0.377838,1.015222
2016-06-02T13:34:03-07:00,79000,80101904,0.376064,0.000000
2016-06-02T13:34:04-07:00,79000,80101904,0.374306,0.000000
2016-06-02T13:34:05-07:00,79000,80101904,0.372565,0.000000
2016-06-02T13:34:06-07:00,79000,80101904,0.370841,0.000000
2016-06-02T13:34:07-07:00,79000,80101904,0.369132,0.000000
2016-06-02T13:34:08-07:00,79000,80101904,0.367438,0.000000
2016-06-02T13:34:09-07:00,80000,81113427,0.370380,1.011574
2016-06-02T13:34:10-07:00,81000,82125309,0.373295,1.011886
2016-06-02T13:34:11-07:00,82000,83137034,0.376184,1.011678
2016-06-02T13:34:12-07:00,82000,83137034,0.374490,0.000000
2016-06-02T13:34:13-07:00,83000,84142708,0.377320,1.005646
2016-06-02T13:34:14-07:00,83000,84142708,0.375636,0.000000
2016-06-02T13:34:15-07:00,84000,85133367,0.378369,0.990661
2016-06-02T13:34:16-07:00,84000,85133367,0.376695,0.000000
2016-06-02T13:34:17-07:00,84000,85133367,0.375035,0.000000
2016-06-02T13:34:18-07:00,84000,85133367,0.373391,0.000000
2016-06-02T13:34:19-07:00,84000,85133367,0.371760,0.000000
2016-06-02T13:34:20-07:00,84000,85133367,0.370144,0.000000
2016-06-02T13:34:21-07:00,84000,85133367,0.368541,0.000000
2016-06-02T13:34:22-07:00,85000,86142022,0.371300,1.008668
2016-06-02T13:34:23-07:00,86000,87154347,0.374052,1.012309
2016-06-02T13:34:24-07:00,86000,87154347,0.372453,0.000000
2016-06-02T13:34:25-07:00,87000,88167283,0.375179,1.012941
2016-06-02T13:34:26-07:00,87000,88167283,0.373589,0.000000
2016-06-02T13:34:27-07:00,88000,89187464,0.376317,1.020207
2016-06-02T13:34:28-07:00,88000,89187464,0.374736,0.000000
2016-06-02T13:34:29-07:00,89000,90201545,0.377411,1.014116
2016-06-02T13:34:30-07:00,89000,90201545,0.375839,0.000000
2016-06-02T13:34:31-07:00,89000,90201545,0.374279,0.000000
2016-06-02T13:34:32-07:00,89000,90201545,0.372732,0.000000
2016-06-02T13:34:33-07:00,89000,90201545,0.371198,0.000000
2016-06-02T13:34:34-07:00,89000,90201545,0.369677,0.000000
2016-06-02T13:34:35-07:00,89000,90201545,0.368168,0.000000
2016-06-02T13:34:36-07:00,89000,90201545,0.366672,0.000000
2016-06-02T13:34:37-07:00,90000,91222379,0.369320,1.020870
2016-06-02T13:34:38-07:00,91000,92232589,0.371904,1.010191
2016-06-02T13:34:39-07:00,91000,92232589,0.370411,0.000000
2016-06-02T13:34:40-07:00,92000,93245265,0.372980,1.012691
2016-06-02T13:34:41-07:00,93000,94265024,0.375557,1.019734
2016-06-02T13:34:42-07:00,93000,94265024,0.374066,0.000000
2016-06-02T13:34:43-07:00,93000,94265024,0.372588,0.000000
2016-06-02T13:34:44-07:00,94000,95274291,0.375094,1.009239
2016-06-02T13:34:45-07:00,94000,95274291,0.373623,0.000000
2016-06-02T13:34:46-07:00,94000,95274291,0.372164,0.000000
2016-06-02T13:34:47-07:00,94000,95274291,0.370716,0.000000
2016-06-02T13:34:48-07:00,94000,95274291,0.369279,0.000000
2016-06-02T13:34:49-07:00,94000,95274291,0.367853,0.000000
2016-06-02T13:34:50-07:00,94000,95274291,0.366438,0.000000
2016-06-02T13:34:51-07:00,95000,96285688,0.368909,1.011405
2016-06-02T13:34:52-07:00,96000,97296504,0.371359,1.010810
2016-06-02T13:34:53-07:00,96000,97296504,0.369947,0.000000
2016-06-02T13:34:54-07:00,97000,98316284,0.372409,1.019772
2016-06-02T13:34:55-07:00,97000,98316284,0.371004,0.000000
2016-06-02T13:34:56-07:00,98000,99323751,0.373396,1.007410
2016-06-02T13:34:57-07:00,98000,99323751,0.371998,0.000000
2016-06-02T13:34:58-07:00,99000,100337640,0.374393,1.013883
2016-06-02T13:34:59-07:00,99000,100337640,0.373001,0.000000
2016-06-02T13:35:00-07:00,99000,100337640,0.371620,0.000000
2016-06-02T13:35:01-07:00,99000,100337640,0.370248,0.000000
2016-06-02T13:35:02-07:00,99000,100337640,0.368887,0.000000
2016-06-02T13:35:03-07:00,99000,100337640,0.367536,0.000000
2016-06-02T13:35:04-07:00,99000,100337640,0.366195,0.000000
2016-06-02T13:35:05-07:00,99000,100337640,0.364863,0.000000
2016-06-02T13:35:06-07:00,100000,101347173,0.367199,1.009544
2016-06-02T13:35:07-07:00,101000,102367255,0.369556,1.020070
2016-06-02T13:35:08-07:00,101000,102367255,0.368226,0.000000
2016-06-02T13:35:09-07:00,102000,103379135,0.370533,1.011873
2016-06-02T13:35:10-07:00,103000,104394972,0.372838,1.015865
2016-06-02T13:35:11-07:00,103000,104394972,0.371511,0.000000
2016-06-02T13:35:12-07:00,103000,104394972,0.370194,0.000000
2016-06-02T13:35:13-07:00,104000,105405630,0.372457,1.010635
2016-06-02T13:35:14-07:00,104000,105405630,0.371145,0.000000
2016-06-02T13:35:15-07:00,104000,105405630,0.369843,0.000000
2016-06-02T13:35:16-07:00,104000,105405630,0.368550,0.000000
2016-06-02T13:35:17-07:00,104000,105405630,0.367266,0.000000
2016-06-02T13:35:18-07:00,104000,105405630,0.365991,0.000000
2016-06-02T13:35:19-07:00,104000,105405630,0.364724,0.000000
2016-06-02T13:35:20-07:00,105000,106424956,0.366982,1.019394
2016-06-02T13:35:21-07:00,106000,107432509,0.369183,1.007535
2016-06-02T13:35:22-07:00,106000,107432509,0.367918,0.000000
2016-06-02T13:35:23-07:00,107000,108448020,0.370129,1.015535
2016-06-02T13:35:24-07:00,107000,108448020,0.368870,0.000000
2016-06-02T13:35:25-07:00,108000,109462877,0.371060,1.014884
2016-06-02T13:35:26-07:00,108000,109462877,0.369806,0.000000
2016-06-02T13:35:27-07:00,109000,110477798,0.371978,1.014944
2016-06-02T13:35:28-07:00,109000,110477798,0.370730,0.000000
2016-06-02T13:35:29-07:00,109000,110477798,0.369490,0.000000
2016-06-02T13:35:30-07:00,109000,110477798,0.368258,0.000000
2016-06-02T13:35:31-07:00,109000,110477798,0.367035,0.000000
2016-06-02T13:35:32-07:00,109000,110477798,0.365819,0.000000
2016-06-02T13:35:33-07:00,109000,110477798,0.364612,0.000000
2016-06-02T13:35:34-07:00,109000,110477798,0.363413,0.000000
2016-06-02T13:35:35-07:00,110000,111497124,0.365563,1.019482
2016-06-02T13:35:36-07:00,111000,112504192,0.367660,1.007043
2016-06-02T13:35:37-07:00,111000,112504192,0.366462,0.000000
2016-06-02T13:35:38-07:00,112000,113523681,0.368582,1.019450
2016-06-02T13:35:39-07:00,112000,113523681,0.367390,0.000000
2016-06-02T13:35:40-07:00,113000,114538386,0.369478,1.014715
2016-06-02T13:35:41-07:00,113000,114538386,0.368290,0.000000
2016-06-02T13:35:42-07:00,114000,115554761,0.370367,1.016361
2016-06-02T13:35:43-07:00,114000,115554761,0.369184,0.000000
2016-06-02T13:35:44-07:00,114000,115554761,0.368008,0.000000
2016-06-02T13:35:45-07:00,114000,115554761,0.366840,0.000000
2016-06-02T13:35:46-07:00,114000,115554761,0.365679,0.000000
2016-06-02T13:35:47-07:00,114000,115554761,0.364525,0.000000
2016-06-02T13:35:48-07:00,114000,115554761,0.363379,0.000000
2016-06-02T13:35:49-07:00,114000,115554761,0.362240,0.000000
2016-06-02T13:35:50-07:00,115000,116576166,0.364300,1.021437
2016-06-02T13:35:51-07:00,116000,117586319,0.366312,1.010126
2016-06-02T13:35:52-07:00,117000,118598069,0.368316,1.011735
2016-06-02T13:35:53-07:00,117000,118598069,0.367176,0.000000
2016-06-02T13:35:54-07:00,118000,119617244,0.369188,1.019168
2016-06-02T13:35:55-07:00,118000,119617244,0.368052,0.000000
2016-06-02T13:35:56-07:00,118000,119617244,0.366923,0.000000
2016-06-02T13:35:57-07:00,119000,120621436,0.368872,1.004181
2016-06-02T13:35:58-07:00,119000,120621436,0.367747,0.000000
2016-06-02T13:35:59-07:00,119000,120621436,0.366630,0.000000
2016-06-02T13:36:00-07:00,119000,120621436,0.365519,0.000000
2016-06-02T13:36:01-07:00,119000,120621436,0.364414,0.000000
2016-06-02T13:36:02-07:00,119000,120621436,0.363317,0.000000
2016-06-02T13:36:03-07:00,119000,120621436,0.362226,0.000000
2016-06-02T13:36:04-07:00,120000,121633453,0.364171,1.012039
2016-06-02T13:36:05-07:00,121000,122644201,0.366101,1.010790
2016-06-02T13:36:06-07:00,122000,123661672,0.368040,1.017442
2016-06-02T13:36:07-07:00,122000,123661672,0.366948,0.000000
2016-06-02T13:36:08-07:00,123000,124681470,0.368879,1.019765
2016-06-02T13:36:09-07:00,123000,124681470,0.367791,0.000000
2016-06-02T13:36:10-07:00,124000,125691992,0.369681,1.010564
2016-06-02T13:36:11-07:00,124000,125691992,0.368597,0.000000
2016-06-02T13:36:12-07:00,124000,125691992,0.367520,0.000000
2016-06-02T13:36:13-07:00,124000,125691992,0.366448,0.000000
2016-06-02T13:36:14-07:00,124000,125691992,0.365383,0.000000
2016-06-02T13:36:15-07:00,124000,125691992,0.364324,0.000000
2016-06-02T13:36:16-07:00,124000,125691992,0.363271,0.000000
2016-06-02T13:36:17-07:00,124000,125691992,0.362224,0.000000
2016-06-02T13:36:18-07:00,124000,125691992,0.361183,0.000000
2016-06-02T13:36:19-07:00,125000,126701730,0.363041,1.009773
2016-06-02T13:36:20-07:00,126000,127716267,0.364903,1.014537
2016-06-02T13:36:21-07:00,126000,127716267,0.363863,0.000000
2016-06-02T13:36:22-07:00,127000,128733619,0.365720,1.017378
2016-06-02T13:36:23-07:00,128000,129752318,0.367569,1.018700
2016-06-02T13:36:24-07:00,128000,129752318,0.366531,0.000000
2016-06-02T13:36:25-07:00,129000,130770641,0.368367,1.018362
2016-06-02T13:36:26-07:00,129000,130770641,0.367332,0.000000
2016-06-02T13:36:27-07:00,129000,130770641,0.366303,0.000000
2016-06-02T13:36:28-07:00,129000,130770641,0.365280,0.000000
2016-06-02T13:36:29-07:00,129000,130770641,0.364263,0.000000
2016-06-02T13:36:30-07:00,129000,130770641,0.363251,0.000000
2016-06-02T13:36:31-07:00,129000,130770641,0.362245,0.000000
2016-06-02T13:36:32-07:00,129000,130770641,0.361244,0.000000
2016-06-02T13:36:33-07:00,129000,130770641,0.360249,0.000000
2016-06-02T13:36:34-07:00,130000,131789774,0.362059,1.019126
2016-06-02T13:36:35-07:00,131000,132805297,0.363849,1.015546
2016-06-02T13:36:36-07:00,131000,132805297,0.362855,0.000000
2016-06-02T13:36:37-07:00,132000,133817945,0.364626,1.012645
2016-06-02T13:36:38-07:00,132000,133817945,0.363635,0.000000
2016-06-02T13:36:39-07:00,133000,134834512,0.365404,1.016565
2016-06-02T13:36:40-07:00,133000,134834512,0.364417,0.000000
2016-06-02T13:36:41-07:00,134000,135850764,0.366174,1.016211
2016-06-02T13:36:42-07:00,134000,135850764,0.365189,0.000000
2016-06-02T13:36:43-07:00,134000,135850764,0.364210,0.000000
2016-06-02T13:36:44-07:00,134000,135850764,0.363236,0.000000
2016-06-02T13:36:45-07:00,134000,135850764,0.362268,0.000000
2016-06-02T13:36:46-07:00,134000,135850764,0.361304,0.000000
2016-06-02T13:36:47-07:00,134000,135850764,0.360346,0.000000
2016-06-02T13:36:48-07:00,134000,135850764,0.359393,0.000000
2016-06-02T13:36:49-07:00,135000,136869906,0.361134,1.019213
2016-06-02T13:36:50-07:00,136000,137881273,0.362845,1.011384
2016-06-02T13:36:51-07:00,136000,137881273,0.361892,0.000000
2016-06-02T13:36:52-07:00,137000,138898390,0.363608,1.017178
2016-06-02T13:36:53-07:00,138000,139910864,0.365302,1.012490
2016-06-02T13:36:54-07:00,138000,139910864,0.364350,0.000000
2016-06-02T13:36:55-07:00,139000,140928818,0.366048,1.017975
2016-06-02T13:36:56-07:00,139000,140928818,0.365100,0.000000
2016-06-02T13:36:57-07:00,139000,140928818,0.364156,0.000000
2016-06-02T13:36:58-07:00,139000,140928818,0.363218,0.000000
2016-06-02T13:36:59-07:00,139000,140928818,0.362284,0.000000
2016-06-02T13:37:00-07:00,139000,140928818,0.361355,0.000000
2016-06-02T13:37:01-07:00,139000,140928818,0.360431,0.000000
2016-06-02T13:37:02-07:00,139000,140928818,0.359511,0.000000
2016-06-02T13:37:03-07:00,141000,142933900,0.363699,2.005089
2016-06-02T13:37:04-07:00,141000,142933900,0.362776,0.000000
2016-06-02T13:37:05-07:00,142000,143945090,0.364417,1.011190
2016-06-02T13:37:06-07:00,142000,143945090,0.363497,0.000000
2016-06-02T13:37:07-07:00,143000,144965676,0.365152,1.020559
2016-06-02T13:37:08-07:00,143000,144965676,0.364235,0.000000
2016-06-02T13:37:09-07:00,144000,145984918,0.365876,1.019249
2016-06-02T13:37:10-07:00,144000,145984918,0.364962,0.000000
2016-06-02T13:37:11-07:00,144000,145984918,0.364051,0.000000
2016-06-02T13:37:12-07:00,144000,145984918,0.363146,0.000000
2016-06-02T13:37:13-07:00,144000,145984918,0.362245,0.000000
2016-06-02T13:37:14-07:00,144000,145984918,0.361348,0.000000
2016-06-02T13:37:15-07:00,144000,145984918,0.360456,0.000000
2016-06-02T13:37:16-07:00,145000,146999645,0.362067,1.014739
2016-06-02T13:37:17-07:00,146000,148013691,0.363669,1.014028
2016-06-02T13:37:18-07:00,146000,148013691,0.362778,0.000000
2016-06-02T13:37:19-07:00,147000,149025570,0.364365,1.011875
2016-06-02T13:37:20-07:00,148000,150045130,0.365963,1.019589
2016-06-02T13:37:21-07:00,148000,150045130,0.365073,0.000000
2016-06-02T13:37:22-07:00,149000,151058096,0.366645,1.012941
2016-06-02T13:37:23-07:00,149000,151058096,0.365757,0.000000
2016-06-02T13:37:24-07:00,149000,151058096,0.364874,0.000000
2016-06-02T13:37:25-07:00,149000,151058096,0.363995,0.000000
2016-06-02T13:37:26-07:00,149000,151058096,0.363120,0.000000
2016-06-02T13:37:27-07:00,149000,151058096,0.362249,0.000000
2016-06-02T13:37:28-07:00,149000,151058096,0.361382,0.000000
2016-06-02T13:37:29-07:00,150000,152070371,0.362936,1.012214
2016-06-02T13:37:30-07:00,151000,153084085,0.364485,1.013771
2016-06-02T13:37:31-07:00,151000,153084085,0.363619,0.000000
2016-06-02T13:37:32-07:00,152000,154106924,0.365182,1.022837
2016-06-02T13:37:33-07:00,153000,155117132,0.366706,1.010219
2016-06-02T13:37:34-07:00,153000,155117132,0.365842,0.000000
2016-06-02T13:37:35-07:00,154000,156138110,0.367383,1.021008
2016-06-02T13:37:36-07:00,154000,156138110,0.366521,0.000000
2016-06-02T13:37:37-07:00,154000,156138110,0.365662,0.000000
2016-06-02T13:37:38-07:00,154000,156138110,0.364808,0.000000
2016-06-02T13:37:39-07:00,154000,156138110,0.363958,0.000000
2016-06-02T13:37:40-07:00,154000,156138110,0.363111,0.000000
2016-06-02T13:37:41-07:00,154000,156138110,0.362269,0.000000
2016-06-02T13:37:42-07:00,154000,156138110,0.361430,0.000000
2016-06-02T13:37:43-07:00,155000,157156396,0.362947,1.018312
2016-06-02T13:37:44-07:00,156000,158165242,0.364435,1.008847
2016-06-02T13:37:45-07:00,157000,159179807,0.365930,1.014595
2016-06-02T13:37:46-07:00,157000,159179807,0.365089,0.000000
2016-06-02T13:37:47-07:00,158000,160200101,0.366590,1.021848
2016-06-02T13:37:48-07:00,158000,160200101,0.365753,0.000000
2016-06-02T13:37:49-07:00,158000,160200101,0.364920,0.000000
2016-06-02T13:37:50-07:00,159000,161224782,0.366419,1.024688
2016-06-02T13:37:51-07:00,159000,161224782,0.365588,0.000000
2016-06-02T13:37:52-07:00,159000,161224782,0.364761,0.000000
2016-06-02T13:37:53-07:00,159000,161224782,0.363938,0.000000
2016-06-02T13:37:54-07:00,159000,161224782,0.363118,0.000000
2016-06-02T13:37:55-07:00,159000,161224782,0.362302,0.000000
2016-06-02T13:37:56-07:00,159000,161224782,0.361490,0.000000
2016-06-02T13:37:57-07:00,159000,161224782,0.360681,0.000000
2016-06-02T13:37:58-07:00,160000,162247131,0.362158,1.022357
2016-06-02T13:37:59-07:00,161000,163264027,0.363616,1.016910
2016-06-02T13:38:00-07:00,162000,164289137,0.365086,1.025124
2016-06-02T13:38:01-07:00,162000,164289137,0.364277,0.000000
2016-06-02T13:38:02-07:00,163000,165303337,0.365715,1.014175
2016-06-02T13:38:03-07:00,163000,165303337,0.364907,0.000000
2016-06-02T13:38:04-07:00,164000,166322092,0.366347,1.018729
2016-06-02T13:38:05-07:00,164000,166322092,0.365542,0.000000
2016-06-02T13:38:06-07:00,164000,166322092,0.364741,0.000000
2016-06-02T13:38:07-07:00,164000,166322092,0.363943,0.000000
2016-06-02T13:38:08-07:00,164000,166322092,0.363148,0.000000
2016-06-02T13:38:09-07:00,164000,166322092,0.362357,0.000000
2016-06-02T13:38:10-07:00,164000,166322092,0.361569,0.000000
2016-06-02T13:38:11-07:00,164000,166322092,0.360785,0.000000
2016-06-02T13:38:12-07:00,166000,168340776,0.364373,2.018707
2016-06-02T13:38:13-07:00,166000,168340776,0.363586,0.000000
2016-06-02T13:38:14-07:00,167000,169357941,0.364995,1.017132
2016-06-02T13:38:15-07:00,167000,169357941,0.364210,0.000000
2016-06-02T13:38:16-07:00,168000,170372934,0.365606,1.014942
2016-06-02T13:38:17-07:00,168000,170372934,0.364824,0.000000
2016-06-02T13:38:18-07:00,169000,171379789,0.366195,1.006830
2016-06-02T13:38:19-07:00,169000,171379789,0.365415,0.000000
2016-06-02T13:38:20-07:00,169000,171379789,0.364637,0.000000
2016-06-02T13:38:21-07:00,169000,171379789,0.363863,0.000000
2016-06-02T13:38:22-07:00,169000,171379789,0.363092,0.000000
2016-06-02T13:38:23-07:00,169000,171379789,0.362324,0.000000
2016-06-02T13:38:24-07:00,169000,171379789,0.361560,0.000000
2016-06-02T13:38:25-07:00,169000,171379789,0.360799,0.000000
2016-06-02T13:38:26-07:00,169000,171379789,0.360041,0.000000
2016-06-02T13:38:27-07:00,169000,171379789,0.359286,0.000000
2016-06-02T13:38:28-07:00,169000,171379789,0.358534,0.000000
2016-06-02T13:38:29-07:00,170000,172395905,0.359907,1.016126
2016-06-02T13:38:30-07:00,171000,173407840,0.361266,1.011951
2016-06-02T13:38:31-07:00,171000,173407840,0.360515,0.000000
2016-06-02T13:38:32-07:00,172000,174417615,0.361862,1.009758
2016-06-02T13:38:33-07:00,172000,174417615,0.361112,0.000000
2016-06-02T13:38:34-07:00,173000,175426418,0.362451,1.008796
2016-06-02T13:38:35-07:00,173000,175426418,0.361703,0.000000
2016-06-02T13:38:36-07:00,174000,176436815,0.363038,1.010374
2016-06-02T13:38:37-07:00,174000,176436815,0.362293,0.000000
2016-06-02T13:38:38-07:00,174000,176436815,0.361550,0.000000
2016-06-02T13:38:39-07:00,174000,176436815,0.360811,0.000000
2016-06-02T13:38:40-07:00,174000,176436815,0.360074,0.000000
2016-06-02T13:38:41-07:00,174000,176436815,0.359341,0.000000
2016-06-02T13:38:42-07:00,174000,176436815,0.358611,0.000000
2016-06-02T13:38:43-07:00,174000,176436815,0.357883,0.000000
2016-06-02T13:38:44-07:00,175000,177451841,0.359214,1.015057
2016-06-02T13:38:45-07:00,176000,178458012,0.360521,1.006212
2016-06-02T13:38:46-07:00,176000,178458012,0.359794,0.000000
2016-06-02T13:38:47-07:00,177000,179470811,0.361108,1.012800
2016-06-02T13:38:48-07:00,178000,180483450,0.362416,1.012634
2016-06-02T13:38:49-07:00,178000,180483450,0.361690,0.000000
2016-06-02T13:38:50-07:00,179000,181494267,0.362988,1.010841
2016-06-02T13:38:51-07:00,179000,181494267,0.362263,0.000000
2016-06-02T13:38:52-07:00,179000,181494267,0.361542,0.000000
2016-06-02T13:38:53-07:00,179000,181494267,0.360823,0.000000
2016-06-02T13:38:54-07:00,179000,181494267,0.360107,0.000000
2016-06-02T13:38:55-07:00,179000,181494267,0.359394,0.000000
2016-06-02T13:38:56-07:00,179000,181494267,0.358684,0.000000
2016-06-02T13:38:57-07:00,179000,181494267,0.357976,0.000000
2016-06-02T13:38:58-07:00,179000,181494267,0.357272,0.000000
2016-06-02T13:38:59-07:00,181000,183536643,0.360582,2.042435
2016-06-02T13:39:00-07:00,181000,183536643,0.359875,0.000000
2016-06-02T13:39:01-07:00,182000,184552836,0.361160,1.016152
2016-06-02T13:39:02-07:00,182000,184552836,0.360454,0.000000
2016-06-02T13:39:03-07:00,182000,184552836,0.359752,0.000000
2016-06-02T13:39:04-07:00,183000,185572664,0.361036,1.019803
2016-06-02T13:39:05-07:00,183000,185572664,0.360335,0.000000
2016-06-02T13:39:06-07:00,184000,186591541,0.361611,1.018846
2016-06-02T13:39:07-07:00,184000,186591541,0.360911,0.000000
2016-06-02T13:39:08-07:00,184000,186591541,0.360215,0.000000
2016-06-02T13:39:09-07:00,184000,186591541,0.359521,0.000000
2016-06-02T13:39:10-07:00,184000,186591541,0.358829,0.000000
2016-06-02T13:39:11-07:00,184000,186591541,0.358141,0.000000
2016-06-02T13:39:12-07:00,184000,186591541,0.357454,0.000000
2016-06-02T13:39:13-07:00,185000,187603988,0.358707,1.012467
2016-06-02T13:39:14-07:00,185000,187603988,0.358022,0.000000
2016-06-02T13:39:15-07:00,186000,188622410,0.359280,1.018436
2016-06-02T13:39:16-07:00,187000,189639170,0.360530,1.016745
2016-06-02T13:39:17-07:00,187000,189639170,0.359846,0.000000
2016-06-02T13:39:18-07:00,187000,189639170,0.359165,0.000000
2016-06-02T13:39:19-07:00,188000,190655568,0.360407,1.016369
2016-06-02T13:39:20-07:00,188000,190655568,0.359727,0.000000
2016-06-02T13:39:21-07:00,189000,191675588,0.360970,1.020006
2016-06-02T13:39:22-07:00,189000,191675588,0.360292,0.000000
2016-06-02T13:39:23-07:00,189000,191675588,0.359616,0.000000
2016-06-02T13:39:24-07:00,189000,191675588,0.358942,0.000000
2016-06-02T13:39:25-07:00,189000,191675588,0.358272,0.000000
2016-06-02T13:39:26-07:00,189000,191675588,0.357603,0.000000
2016-06-02T13:39:27-07:00,189000,191675588,0.356937,0.000000
2016-06-02T13:39:28-07:00,189000,191675588,0.356274,0.000000
2016-06-02T13:39:29-07:00,190000,192696744,0.357507,1.021161
2016-06-02T13:39:30-07:00,191000,193716448,0.358734,1.019733
2016-06-02T13:39:31-07:00,192000,194732853,0.359949,1.016382
2016-06-02T13:39:32-07:00,193000,195747012,0.361156,1.014138
2016-06-02T13:39:33-07:00,193000,195747012,0.360491,0.000000
2016-06-02T13:39:34-07:00,194000,196757231,0.361686,1.010219
2016-06-02T13:39:35-07:00,194000,196757231,0.361022,0.000000
2016-06-02T13:39:36-07:00,194000,196757231,0.360361,0.000000
2016-06-02T13:39:37-07:00,194000,196757231,0.359702,0.000000
2016-06-02T13:39:38-07:00,194000,196757231,0.359045,0.000000
2016-06-02T13:39:39-07:00,194000,196757231,0.358391,0.000000
2016-06-02T13:39:40-07:00,194000,196757231,0.357740,0.000000
2016-06-02T13:39:41-07:00,194000,196757231,0.357091,0.000000
2016-06-02T13:39:42-07:00,195000,197776181,0.358290,1.018977
2016-06-02T13:39:43-07:00,196000,198789485,0.359474,1.013327
2016-06-02T13:39:44-07:00,196000,198789485,0.358825,0.000000
2016-06-02T13:39:45-07:00,197000,199804108,0.360007,1.014639
2016-06-02T13:39:46-07:00,197000,199804108,0.359359,0.000000
2016-06-02T13:39:47-07:00,198000,200819774,0.360538,1.015620
2016-06-02T13:39:48-07:00,198000,200819774,0.359892,0.000000
2016-06-02T13:39:49-07:00,199000,201832676,0.361060,1.012886
2016-06-02T13:39:50-07:00,199000,201832676,0.360415,0.000000
2016-06-02T13:39:51-07:00,199000,201832676,0.359772,0.000000
2016-06-02T13:39:52-07:00,199000,201832676,0.359132,0.000000
2016-06-02T13:39:53-07:00,199000,201832676,0.358494,0.000000
2016-06-02T13:39:54-07:00,199000,201832676,0.357859,0.000000
2016-06-02T13:39:55-07:00,199000,201832676,0.357225,0.000000
2016-06-02T13:39:56-07:00,199000,201832676,0.356594,0.000000
2016-06-02T13:39:57-07:00,199000,201832676,0.355965,0.000000
2016-06-02T13:39:58-07:00,200000,202846298,0.357283,1.358303
