date,docs_indexed,plaintext_bytes_indexed,avg_mb_per_second,mb_per_second
2016-11-23T02:31:04-08:00,0,0,0.000000,0.000000
2016-11-23T02:31:05-08:00,2000,2041607,2.041121,2.041121
2016-11-23T02:31:06-08:00,4000,4065978,2.032204,2.023290
2016-11-23T02:31:07-08:00,9000,9149804,3.049637,5.086265
2016-11-23T02:31:08-08:00,14000,14218243,3.554310,5.068491
2016-11-23T02:31:09-08:00,16000,16235170,3.246854,2.016939
2016-11-23T02:31:10-08:00,19000,19253675,3.208763,3.018308
2016-11-23T02:31:11-08:00,22000,22292285,3.184461,3.038638
2016-11-23T02:31:12-08:00,26000,26366625,3.295675,4.074184
2016-11-23T02:31:13-08:00,30000,30419006,3.378999,4.044294
2016-11-23T02:31:14-08:00,32000,32420164,3.241918,2.005305
2016-11-23T02:31:15-08:00,36000,36464235,3.314831,4.043960
2016-11-23T02:31:16-08:00,39000,39498320,3.291423,3.033938
2016-11-23T02:31:17-08:00,43000,43551358,3.350016,4.053176
2016-11-23T02:31:18-08:00,46000,46598320,3.328328,3.046430
2016-11-23T02:31:19-08:00,49000,49638872,3.309195,3.041254
2016-11-23T02:31:20-08:00,53000,53700273,3.356201,4.061298
2016-11-23T02:31:21-08:00,56000,56731191,3.337061,3.030822
2016-11-23T02:31:22-08:00,58000,58760715,3.264436,2.029683
2016-11-23T02:31:23-08:00,61000,61805178,3.252851,3.044338
2016-11-23T02:31:24-08:00,64000,64845859,3.242249,3.040799
2016-11-23T02:31:25-08:00,66000,66879052,3.184666,2.033061
2016-11-23T02:31:26-08:00,69000,69926017,3.178404,3.046902
2016-11-23T02:31:27-08:00,73000,73991139,3.216961,4.065262
2016-11-23T02:31:28-08:00,76000,77041435,3.210017,3.050310
2016-11-23T02:31:29-08:00,78000,79084325,3.163336,2.042941
2016-11-23T02:31:30-08:00,82000,83134701,3.197456,4.050482
2016-11-23T02:31:31-08:00,84000,85131034,3.152925,1.995559
2016-11-23T02:31:32-08:00,86000,87152014,3.112503,2.021041
2016-11-23T02:31:33-08:00,90000,91220046,3.145485,4.069317
2016-11-23T02:31:34-08:00,93000,94262691,3.142055,3.042573
2016-11-23T02:31:35-08:00,96000,97294171,3.138483,3.031326
2016-11-23T02:31:36-08:00,98000,99321418,3.103764,2.027380
2016-11-23T02:31:37-08:00,102000,103376802,3.132586,4.054782
2016-11-23T02:31:38-08:00,105000,106422623,3.130052,3.046391
2016-11-23T02:31:39-08:00,107000,108445687,3.098425,2.023096
2016-11-23T02:31:40-08:00,108000,109460544,3.040544,1.014797
2016-11-23T02:31:41-08:00,111000,112501859,3.040563,3.041268
2016-11-23T02:31:42-08:00,115000,116573833,3.067703,4.071842
2016-11-23T02:31:43-08:00,116000,117583986,3.014949,1.010203
2016-11-23T02:31:44-08:00,119000,120619103,3.015455,3.035160
2016-11-23T02:31:45-08:00,122000,123659339,3.016062,3.040371
2016-11-23T02:31:46-08:00,126000,127713934,3.040782,4.054225
2016-11-23T02:31:47-08:00,126000,127713934,2.970066,0.000000
2016-11-23T02:31:48-08:00,127000,128731286,2.925352,1.012253
2016-11-23T02:31:49-08:00,130000,131785523,2.928549,3.069962
2016-11-23T02:31:50-08:00,134000,135848846,2.953218,4.063382
2016-11-23T02:31:51-08:00,136000,137879355,2.933585,2.030449
2016-11-23T02:31:52-08:00,139000,140926900,2.935954,3.047286
2016-11-23T02:31:53-08:00,143000,144963758,2.958422,4.036962
2016-11-23T02:31:54-08:00,146000,148011773,2.960218,3.048222
2016-11-23T02:31:55-08:00,151000,153082167,3.001589,5.069978
2016-11-23T02:31:56-08:00,156000,158163324,3.041583,5.081396
2016-11-23T02:31:57-08:00,157000,159177889,3.003338,1.014561
2016-11-23T02:31:58-08:00,160000,162245213,3.004521,3.067234
2016-11-23T02:31:59-08:00,164000,166320174,3.023987,4.075233
2016-11-23T02:32:00-08:00,168000,170371016,3.042322,4.050698
2016-11-23T02:32:01-08:00,172000,174415697,3.059907,4.044678
2016-11-23T02:32:02-08:00,174000,176434897,3.041963,2.019177
2016-11-23T02:32:03-08:00,178000,180481532,3.058993,4.046780
2016-11-23T02:32:04-08:00,181000,183534725,3.058898,3.053273
2016-11-23T02:32:05-08:00,186000,188620492,3.092122,5.085476
2016-11-23T02:32:06-08:00,189000,191673670,3.091495,3.053245
2016-11-23T02:32:07-08:00,194000,196757231,3.123115,5.083520
2016-11-23T02:32:08-08:00,196000,198789485,3.106070,2.032255
2016-11-23T02:32:09-08:00,197000,199804108,3.073895,1.014640
2016-11-23T02:32:09-08:00,200000,202846298,3.078937,3.450709
2016-11-23T02:32:10-08:00,200000,202846298,3.073414,0.000000
2016-11-23T02:32:11-08:00,200000,202846298,3.027541,0.000000
2016-11-23T02:32:12-08:00,200000,202846298,2.983020,0.000000
2016-11-23T02:32:13-08:00,200000,202846298,2.939788,0.000000
2016-11-23T02:32:14-08:00,200000,202846298,2.897792,0.000000
2016-11-23T02:32:15-08:00,200000,202846298,2.856977,0.000000
2016-11-23T02:32:16-08:00,200000,202846298,2.817296,0.000000
2016-11-23T02:32:17-08:00,200000,202846298,2.778704,0.000000
2016-11-23T02:32:18-08:00,200000,202846298,2.741155,0.000000
2016-11-23T02:32:19-08:00,200000,202846298,2.704606,0.000000
2016-11-23T02:32:20-08:00,200000,202846298,2.669020,0.000000
2016-11-23T02:32:21-08:00,200000,202846298,2.634357,0.000000
2016-11-23T02:32:22-08:00,200000,202846298,2.600583,0.000000
2016-11-23T02:32:23-08:00,200000,202846298,2.567663,0.000000
2016-11-23T02:32:24-08:00,200000,202846298,2.535568,0.000000
2016-11-23T02:32:25-08:00,200000,202846298,2.504265,0.000000
2016-11-23T02:32:26-08:00,200000,202846298,2.473726,0.000000
